[901회차]
당첨번호: [5, 18, 20, 23, 30, 34], 보너스: 21
출현빈도 정렬: [34, 43, 17, 27, 18, 40, 12, 39, 45, 1, 13, 14, 20, 19, 33, 10, 37, 5, 26, 4, 8, 11, 31, 15, 7, 38, 21, 24, 25, 36, 3, 44, 2, 42, 16, 6, 28, 35, 41, 29, 30, 23, 32, 22, 9]
사용한 3개 순위 패턴 10개: [(46, 46, 46), (4, 46, 46), (15, 17, 31), (6, 30, 33), (9, 20, 33), (8, 21, 23), (3, 28, 36), (12, 36, 43), (6, 24, 33), (5, 12, 38)]
예측 개수: 10


[902회차]
당첨번호: [7, 19, 23, 24, 36, 39], 보너스: 30
출현빈도 정렬: [34, 43, 17, 18, 27, 40, 12, 39, 45, 20, 1, 13, 14, 19, 33, 10, 37, 5, 26, 4, 8, 11, 31, 15, 7, 38, 21, 24, 25, 36, 3, 44, 2, 42, 16, 6, 28, 30, 35, 41, 29, 23, 32, 22, 9]
사용한 3개 순위 패턴 10개: [(46, 46, 46), (4, 46, 46), (15, 17, 31), (6, 30, 33), (9, 20, 33), (8, 21, 23), (3, 28, 36), (12, 36, 43), (6, 24, 33), (5, 12, 38)]
예측 개수: 10


[903회차]
당첨번호: [2, 15, 16, 21, 22, 28], 보너스: 45
출현빈도 정렬: [34, 43, 17, 18, 27, 39, 40, 12, 45, 20, 1, 13, 14, 19, 33, 10, 37, 5, 26, 4, 8, 11, 31, 15, 7, 24, 36, 38, 21, 25, 3, 44, 2, 42, 16, 6, 28, 30, 35, 41, 29, 23, 32, 22, 9]
사용한 3개 순위 패턴 10개: [(46, 46, 46), (4, 46, 46), (15, 17, 31), (6, 30, 33), (9, 20, 33), (8, 21, 23), (3, 28, 36), (12, 36, 43), (6, 24, 33), (5, 12, 38)]
예측 개수: 10


[904회차]
당첨번호: [2, 6, 8, 26, 43, 45], 보너스: 11
출현빈도 정렬: [34, 43, 17, 18, 27, 39, 40, 12, 45, 20, 1, 13, 14, 19, 33, 10, 37, 5, 26, 4, 8, 11, 15, 31, 7, 21, 24, 36, 38, 25, 2, 3, 44, 16, 42, 28, 6, 30, 35, 41, 29, 23, 32, 22, 9]
사용한 3개 순위 패턴 10개: [(46, 46, 46), (4, 46, 46), (15, 17, 31), (6, 30, 33), (9, 20, 33), (8, 21, 23), (3, 28, 36), (12, 36, 43), (6, 24, 33), (5, 12, 38)]
예측 개수: 10


[905회차]
당첨번호: [3, 4, 16, 27, 38, 40], 보너스: 20
출현빈도 정렬: [34, 43, 17, 18, 27, 39, 40, 45, 12, 20, 1, 13, 14, 19, 33, 10, 37, 5, 26, 8, 4, 11, 15, 31, 7, 21, 24, 36, 38, 2, 25, 3, 44, 16, 42, 6, 28, 30, 35, 41, 29, 23, 32, 22, 9]
사용한 3개 순위 패턴 10개: [(46, 46, 46), (4, 46, 46), (15, 17, 31), (6, 30, 33), (9, 20, 33), (8, 21, 23), (3, 28, 36), (12, 36, 43), (6, 24, 33), (5, 12, 38)]
예측 개수: 10


[906회차]
당첨번호: [2, 5, 14, 28, 31, 32], 보너스: 20
출현빈도 정렬: [34, 43, 27, 17, 18, 40, 39, 45, 12, 20, 1, 13, 14, 19, 33, 10, 37, 5, 26, 4, 8, 11, 15, 31, 7, 38, 21, 24, 36, 2, 3, 25, 16, 44, 42, 6, 28, 30, 35, 41, 29, 23, 32, 22, 9]
사용한 3개 순위 패턴 10개: [(46, 46, 46), (4, 46, 46), (15, 17, 31), (6, 30, 33), (9, 20, 33), (8, 21, 23), (3, 28, 36), (12, 36, 43), (6, 24, 33), (5, 12, 38)]
예측 개수: 10


[907회차]
당첨번호: [21, 27, 29, 38, 40, 44], 보너스: 37
출현빈도 정렬: [34, 43, 27, 17, 18, 40, 39, 45, 12, 14, 20, 1, 13, 19, 33, 5, 10, 37, 26, 4, 8, 31, 11, 15, 7, 38, 2, 21, 24, 36, 3, 25, 16, 44, 42, 28, 6, 30, 35, 41, 29, 23, 32, 22, 9]
사용한 3개 순위 패턴 10개: [(46, 46, 46), (4, 46, 46), (15, 17, 31), (6, 30, 33), (9, 20, 33), (8, 21, 23), (3, 28, 36), (12, 36, 43), (6, 24, 33), (5, 12, 38)]
예측 개수: 10


[908회차]
당첨번호: [3, 16, 21, 22, 23, 44], 보너스: 30
출현빈도 정렬: [34, 27, 43, 40, 17, 18, 39, 45, 12, 14, 20, 1, 13, 19, 33, 5, 10, 37, 26, 4, 8, 31, 11, 15, 38, 7, 21, 2, 24, 36, 3, 25, 44, 16, 42, 28, 6, 29, 30, 35, 41, 23, 32, 22, 9]
사용한 3개 순위 패턴 10개: [(46, 46, 46), (4, 46, 46), (15, 17, 31), (6, 30, 33), (9, 20, 33), (8, 21, 23), (3, 28, 36), (12, 36, 43), (6, 24, 33), (5, 12, 38)]
예측 개수: 10


[909회차]
당첨번호: [7, 24, 29, 30, 34, 35], 보너스: 33
출현빈도 정렬: [34, 27, 43, 40, 17, 18, 39, 45, 12, 14, 20, 1, 13, 19, 33, 5, 10, 37, 26, 4, 8, 31, 11, 15, 21, 38, 7, 2, 3, 24, 36, 44, 16, 25, 42, 28, 6, 29, 30, 35, 41, 23, 32, 22, 9]
사용한 3개 순위 패턴 10개: [(46, 46, 46), (4, 46, 46), (15, 17, 31), (6, 30, 33), (9, 20, 33), (8, 21, 23), (3, 28, 36), (12, 36, 43), (6, 24, 33), (5, 12, 38)]
예측 개수: 10


[910회차]
당첨번호: [1, 11, 17, 27, 35, 39], 보너스: 31
출현빈도 정렬: [34, 27, 43, 40, 17, 18, 39, 45, 12, 14, 20, 1, 13, 19, 33, 5, 10, 37, 26, 4, 8, 31, 11, 15, 7, 21, 38, 24, 2, 3, 36, 44, 16, 25, 42, 28, 6, 29, 30, 35, 41, 23, 32, 22, 9]
사용한 3개 순위 패턴 10개: [(46, 46, 46), (4, 46, 46), (15, 17, 31), (6, 30, 33), (9, 20, 33), (8, 21, 23), (3, 28, 36), (12, 36, 43), (6, 24, 33), (5, 12, 38)]
예측 개수: 10


[911회차]
당첨번호: [4, 5, 12, 14, 32, 42], 보너스: 35
출현빈도 정렬: [34, 27, 43, 17, 40, 18, 39, 45, 12, 1, 14, 20, 13, 19, 33, 5, 10, 37, 26, 4, 8, 11, 31, 15, 7, 21, 38, 24, 2, 3, 36, 44, 16, 25, 42, 28, 6, 35, 29, 30, 41, 23, 32, 22, 9]
사용한 3개 순위 패턴 10개: [(46, 46, 46), (4, 46, 46), (15, 17, 31), (6, 30, 33), (9, 20, 33), (8, 21, 23), (3, 28, 36), (12, 36, 43), (6, 24, 33), (5, 12, 38)]
예측 개수: 10


[912회차]
당첨번호: [5, 8, 18, 21, 22, 38], 보너스: 10
출현빈도 정렬: [34, 27, 43, 17, 40, 18, 39, 12, 45, 14, 1, 20, 13, 19, 5, 33, 10, 37, 4, 26, 8, 11, 31, 15, 7, 21, 38, 24, 2, 3, 36, 44, 16, 25, 42, 28, 6, 35, 29, 30, 41, 23, 32, 22, 9]
사용한 3개 순위 패턴 10개: [(46, 46, 46), (4, 46, 46), (15, 17, 31), (6, 30, 33), (9, 20, 33), (8, 21, 23), (5, 7, 12), (3, 28, 36), (12, 36, 43), (6, 24, 33)]
예측 개수: 10


[913회차]
당첨번호: [6, 14, 16, 21, 27, 37], 보너스: 40
출현빈도 정렬: [34, 27, 43, 17, 18, 40, 39, 12, 45, 14, 1, 20, 5, 13, 19, 33, 10, 37, 4, 8, 26, 11, 31, 15, 21, 38, 7, 24, 2, 3, 36, 44, 16, 25, 42, 28, 6, 35, 29, 30, 41, 23, 32, 22, 9]
사용한 3개 순위 패턴 10개: [(46, 46, 46), (4, 46, 46), (15, 17, 31), (6, 30, 33), (9, 20, 33), (8, 21, 23), (5, 7, 12), (3, 28, 36), (12, 36, 43), (6, 24, 33)]
예측 개수: 10


[914회차]
당첨번호: [16, 19, 24, 33, 42, 44], 보너스: 27
출현빈도 정렬: [34, 27, 43, 17, 18, 40, 39, 12, 14, 45, 1, 20, 5, 13, 19, 33, 37, 10, 4, 8, 26, 11, 21, 31, 15, 38, 7, 24, 2, 3, 16, 36, 44, 25, 42, 6, 28, 35, 29, 30, 41, 23, 32, 22, 9]
사용한 3개 순위 패턴 10개: [(46, 46, 46), (4, 46, 46), (15, 17, 31), (6, 30, 33), (9, 20, 33), (8, 21, 23), (5, 7, 12), (3, 28, 36), (12, 36, 43), (6, 24, 33)]
예측 개수: 10


[915회차]
당첨번호: [2, 6, 11, 13, 22, 37], 보너스: 14
출현빈도 정렬: [34, 27, 43, 17, 18, 40, 39, 12, 14, 45, 1, 19, 20, 5, 13, 33, 37, 10, 4, 8, 26, 11, 21, 31, 15, 38, 7, 24, 16, 44, 2, 3, 36, 25, 42, 6, 28, 35, 29, 30, 41, 23, 32, 22, 9]
사용한 3개 순위 패턴 10개: [(46, 46, 46), (4, 46, 46), (15, 17, 31), (6, 30, 33), (9, 20, 33), (8, 21, 23), (5, 7, 12), (3, 28, 36), (12, 36, 43), (6, 24, 33)]
예측 개수: 10


[916회차]
당첨번호: [6, 21, 22, 32, 35, 36], 보너스: 17
출현빈도 정렬: [34, 27, 43, 17, 18, 40, 39, 12, 14, 45, 1, 13, 19, 20, 5, 33, 37, 10, 4, 8, 11, 26, 21, 31, 15, 38, 7, 24, 2, 16, 44, 3, 36, 25, 42, 6, 28, 35, 29, 30, 41, 23, 32, 22, 9]
사용한 3개 순위 패턴 10개: [(46, 46, 46), (4, 46, 46), (15, 17, 31), (6, 30, 33), (9, 20, 33), (8, 21, 23), (5, 7, 12), (3, 28, 36), (12, 36, 43), (6, 24, 33)]
예측 개수: 10


[917회차]
당첨번호: [1, 3, 23, 24, 27, 43], 보너스: 34
출현빈도 정렬: [34, 27, 43, 17, 18, 40, 39, 12, 14, 45, 1, 13, 19, 20, 5, 33, 37, 10, 4, 8, 11, 21, 26, 31, 15, 38, 7, 24, 2, 16, 36, 44, 3, 25, 42, 6, 28, 35, 29, 30, 41, 23, 32, 22, 9]
사용한 3개 순위 패턴 10개: [(46, 46, 46), (4, 46, 46), (15, 17, 31), (6, 30, 33), (9, 20, 33), (8, 21, 23), (5, 7, 12), (3, 28, 36), (12, 36, 43), (6, 24, 33)]
예측 개수: 10


[918회차]
당첨번호: [7, 11, 12, 31, 33, 38], 보너스: 5
출현빈도 정렬: [34, 27, 43, 17, 18, 40, 39, 12, 14, 45, 1, 13, 19, 20, 5, 33, 37, 10, 4, 8, 11, 21, 26, 31, 15, 24, 38, 7, 2, 3, 16, 36, 44, 25, 42, 6, 28, 35, 29, 30, 41, 23, 32, 22, 9]
사용한 3개 순위 패턴 10개: [(46, 46, 46), (4, 46, 46), (15, 17, 31), (6, 30, 33), (9, 20, 33), (8, 21, 23), (5, 7, 12), (3, 28, 36), (12, 36, 43), (6, 24, 33)]
예측 개수: 10


[919회차]
당첨번호: [9, 14, 17, 18, 42, 44], 보너스: 35
출현빈도 정렬: [34, 27, 43, 17, 18, 40, 12, 39, 14, 45, 1, 13, 19, 20, 33, 5, 37, 10, 11, 4, 8, 21, 26, 31, 38, 7, 15, 24, 2, 3, 16, 36, 44, 25, 42, 6, 28, 35, 29, 30, 41, 23, 32, 22, 9]
사용한 3개 순위 패턴 10개: [(46, 46, 46), (4, 46, 46), (15, 17, 31), (6, 30, 33), (9, 20, 33), (8, 21, 23), (5, 7, 12), (3, 28, 36), (12, 36, 43), (6, 24, 33)]
예측 개수: 10


[920회차]
당첨번호: [2, 3, 26, 33, 34, 43], 보너스: 29
출현빈도 정렬: [34, 27, 43, 17, 18, 40, 12, 14, 39, 45, 1, 13, 19, 20, 33, 5, 37, 10, 11, 4, 8, 21, 26, 31, 38, 7, 15, 24, 44, 2, 3, 16, 36, 42, 25, 6, 28, 35, 29, 30, 41, 23, 32, 22, 9]
사용한 3개 순위 패턴 10개: [(46, 46, 46), (4, 46, 46), (15, 17, 31), (6, 30, 33), (9, 20, 33), (8, 21, 23), (5, 7, 12), (3, 28, 36), (12, 36, 43), (6, 24, 33)]
예측 개수: 10


[921회차]
당첨번호: [5, 7, 12, 22, 28, 41], 보너스: 1
출현빈도 정렬: [34, 27, 43, 17, 18, 40, 12, 14, 39, 45, 1, 33, 13, 19, 20, 5, 37, 10, 11, 26, 4, 8, 21, 31, 38, 7, 15, 24, 2, 3, 44, 16, 36, 42, 25, 6, 28, 35, 29, 30, 41, 23, 32, 22, 9]
사용한 3개 순위 패턴 10개: [(46, 46, 46), (4, 46, 46), (15, 17, 31), (6, 30, 33), (9, 20, 33), (8, 21, 23), (5, 7, 12), (3, 28, 36), (12, 36, 43), (6, 24, 33)]
예측 개수: 10


[922회차]
당첨번호: [2, 6, 13, 17, 27, 43], 보너스: 36
출현빈도 정렬: [34, 27, 43, 17, 18, 12, 40, 14, 39, 45, 1, 33, 5, 13, 19, 20, 37, 10, 11, 26, 4, 8, 21, 31, 7, 38, 15, 24, 2, 3, 44, 16, 36, 42, 25, 6, 28, 35, 29, 30, 41, 23, 32, 22, 9]
사용한 3개 순위 패턴 10개: [(46, 46, 46), (4, 46, 46), (15, 17, 31), (6, 30, 33), (9, 20, 33), (8, 21, 23), (5, 7, 12), (3, 28, 36), (12, 36, 43), (6, 24, 33)]
예측 개수: 10


[923회차]
당첨번호: [3, 17, 18, 23, 36, 41], 보너스: 26
출현빈도 정렬: [34, 27, 43, 17, 18, 12, 40, 14, 39, 45, 1, 13, 33, 5, 19, 20, 37, 10, 11, 26, 4, 8, 21, 31, 7, 38, 2, 15, 24, 3, 44, 16, 36, 42, 25, 6, 28, 35, 29, 30, 41, 23, 32, 22, 9]
사용한 3개 순위 패턴 10개: [(46, 46, 46), (4, 46, 46), (15, 17, 31), (6, 30, 33), (9, 20, 33), (8, 21, 23), (5, 7, 12), (3, 28, 36), (12, 36, 43), (6, 24, 33)]
예측 개수: 10


[924회차]
당첨번호: [3, 11, 34, 42, 43, 44], 보너스: 13
출현빈도 정렬: [34, 27, 43, 17, 18, 12, 40, 14, 39, 45, 1, 13, 33, 5, 19, 20, 37, 10, 11, 26, 4, 8, 21, 31, 7, 38, 2, 3, 15, 24, 36, 44, 16, 42, 25, 6, 28, 35, 41, 29, 30, 23, 32, 22, 9]
사용한 3개 순위 패턴 10개: [(46, 46, 46), (4, 46, 46), (15, 17, 31), (6, 30, 33), (9, 20, 33), (8, 21, 23), (5, 7, 12), (3, 28, 36), (12, 36, 43), (6, 24, 33)]
예측 개수: 10


[925회차]
당첨번호: [13, 24, 32, 34, 39, 42], 보너스: 4
출현빈도 정렬: [34, 27, 43, 17, 18, 12, 40, 14, 39, 45, 1, 13, 33, 5, 19, 20, 37, 11, 10, 26, 4, 8, 21, 31, 3, 7, 38, 2, 15, 24, 44, 36, 16, 42, 25, 6, 28, 35, 41, 29, 30, 23, 32, 22, 9]
사용한 3개 순위 패턴 10개: [(46, 46, 46), (4, 46, 46), (15, 17, 31), (6, 30, 33), (9, 20, 33), (8, 21, 23), (5, 7, 12), (3, 28, 36), (12, 36, 43), (6, 24, 33)]
예측 개수: 10


[926회차]
당첨번호: [10, 16, 18, 20, 25, 31], 보너스: 6
출현빈도 정렬: [34, 27, 43, 17, 18, 12, 39, 40, 14, 13, 45, 1, 33, 5, 19, 20, 37, 11, 10, 26, 4, 8, 21, 31, 3, 7, 24, 38, 2, 15, 44, 36, 42, 16, 25, 6, 28, 35, 41, 29, 30, 23, 32, 22, 9]
사용한 3개 순위 패턴 10개: [(46, 46, 46), (4, 46, 46), (15, 17, 31), (6, 30, 33), (9, 20, 33), (8, 21, 23), (5, 7, 12), (3, 28, 36), (12, 36, 43), (6, 24, 33)]
예측 개수: 10


[927회차]
당첨번호: [4, 15, 22, 38, 41, 43], 보너스: 26
출현빈도 정렬: [34, 27, 43, 17, 18, 12, 39, 40, 14, 13, 45, 1, 20, 33, 5, 19, 37, 10, 11, 26, 31, 4, 8, 21, 3, 7, 24, 38, 2, 15, 44, 16, 36, 42, 25, 6, 28, 35, 41, 29, 30, 23, 32, 22, 9]
사용한 3개 순위 패턴 10개: [(46, 46, 46), (4, 46, 46), (15, 17, 31), (6, 30, 33), (9, 20, 33), (8, 21, 23), (5, 7, 12), (3, 28, 36), (12, 36, 43), (6, 24, 33)]
예측 개수: 10


[928회차]
당첨번호: [3, 4, 10, 20, 28, 44], 보너스: 30
출현빈도 정렬: [34, 43, 27, 17, 18, 12, 39, 40, 14, 13, 45, 1, 20, 33, 5, 19, 37, 10, 11, 4, 26, 31, 8, 21, 38, 3, 7, 15, 24, 2, 44, 16, 36, 42, 25, 6, 28, 35, 41, 29, 30, 23, 32, 22, 9]
사용한 3개 순위 패턴 10개: [(46, 46, 46), (4, 46, 46), (15, 17, 31), (6, 30, 33), (9, 20, 33), (8, 21, 23), (5, 7, 12), (3, 28, 36), (12, 36, 43), (6, 24, 33)]
예측 개수: 10


[929회차]
당첨번호: [7, 9, 12, 15, 19, 23], 보너스: 4
출현빈도 정렬: [34, 43, 27, 17, 18, 12, 39, 40, 14, 13, 20, 45, 1, 33, 5, 19, 10, 37, 4, 11, 26, 31, 3, 8, 21, 38, 7, 15, 24, 44, 2, 16, 36, 42, 25, 6, 28, 35, 41, 29, 30, 23, 32, 22, 9]
사용한 3개 순위 패턴 10개: [(46, 46, 46), (4, 46, 46), (15, 17, 31), (6, 30, 33), (9, 20, 33), (8, 21, 23), (5, 7, 12), (3, 28, 36), (12, 36, 43), (6, 24, 33)]
예측 개수: 10


[930회차]
당첨번호: [8, 21, 25, 38, 39, 44], 보너스: 28
출현빈도 정렬: [34, 43, 27, 17, 18, 12, 39, 40, 14, 13, 20, 45, 1, 19, 33, 5, 10, 37, 4, 11, 26, 31, 3, 7, 8, 15, 21, 38, 24, 44, 2, 16, 36, 42, 25, 6, 28, 35, 41, 23, 29, 30, 32, 22, 9]
사용한 3개 순위 패턴 10개: [(46, 46, 46), (4, 46, 46), (15, 17, 31), (13, 20, 37), (6, 30, 33), (9, 20, 33), (8, 21, 23), (5, 7, 12), (3, 28, 36), (12, 36, 43)]
예측 개수: 10


[931회차]
당첨번호: [14, 15, 23, 25, 35, 43], 보너스: 32
출현빈도 정렬: [34, 43, 27, 17, 18, 12, 39, 40, 14, 13, 20, 45, 1, 19, 33, 5, 10, 37, 4, 11, 8, 21, 26, 31, 38, 3, 7, 15, 44, 24, 2, 16, 36, 42, 25, 6, 28, 35, 41, 23, 29, 30, 32, 22, 9]
사용한 3개 순위 패턴 10개: [(46, 46, 46), (4, 46, 46), (15, 17, 31), (13, 20, 37), (6, 30, 33), (9, 20, 33), (8, 21, 23), (5, 7, 12), (3, 28, 36), (12, 36, 43)]
예측 개수: 10


[932회차]
당첨번호: [1, 6, 15, 36, 37, 38], 보너스: 5
출현빈도 정렬: [34, 43, 27, 17, 18, 12, 39, 14, 40, 13, 20, 45, 1, 19, 33, 5, 10, 37, 4, 11, 8, 15, 21, 26, 31, 38, 3, 7, 44, 24, 2, 16, 25, 36, 42, 6, 28, 35, 41, 23, 29, 30, 32, 22, 9]
사용한 3개 순위 패턴 10개: [(46, 46, 46), (4, 46, 46), (15, 17, 31), (13, 20, 37), (6, 30, 33), (9, 20, 33), (8, 21, 23), (5, 7, 12), (3, 28, 36), (12, 36, 43)]
예측 개수: 10


[933회차]
당첨번호: [23, 27, 29, 31, 36, 45], 보너스: 37
출현빈도 정렬: [34, 43, 27, 17, 18, 12, 39, 14, 40, 1, 13, 20, 45, 19, 33, 5, 37, 10, 4, 11, 15, 38, 8, 21, 26, 31, 3, 7, 44, 24, 2, 36, 16, 25, 42, 6, 28, 35, 41, 23, 29, 30, 32, 22, 9]
사용한 3개 순위 패턴 10개: [(46, 46, 46), (4, 46, 46), (15, 17, 31), (13, 20, 37), (6, 30, 33), (9, 20, 33), (8, 21, 23), (5, 7, 12), (3, 28, 36), (12, 36, 43)]
예측 개수: 10


[934회차]
당첨번호: [1, 3, 30, 33, 36, 39], 보너스: 12
출현빈도 정렬: [34, 43, 27, 17, 18, 12, 39, 14, 40, 45, 1, 13, 20, 19, 33, 5, 37, 10, 4, 11, 15, 31, 38, 8, 21, 26, 3, 7, 44, 24, 36, 2, 16, 25, 42, 6, 28, 35, 23, 41, 29, 30, 32, 22, 9]
사용한 3개 순위 패턴 10개: [(46, 46, 46), (4, 46, 46), (15, 17, 31), (13, 20, 37), (6, 30, 33), (9, 20, 33), (8, 21, 23), (5, 7, 12), (3, 28, 36), (13, 26, 36)]
예측 개수: 10


[935회차]
당첨번호: [4, 10, 20, 32, 38, 44], 보너스: 18
출현빈도 정렬: [34, 43, 27, 17, 18, 39, 12, 14, 40, 1, 45, 13, 20, 33, 19, 5, 37, 10, 4, 11, 15, 31, 38, 3, 8, 21, 26, 7, 36, 44, 24, 2, 16, 25, 42, 6, 28, 35, 23, 41, 29, 30, 32, 22, 9]
사용한 3개 순위 패턴 10개: [(46, 46, 46), (4, 46, 46), (15, 17, 31), (13, 20, 37), (6, 30, 33), (9, 20, 33), (8, 21, 23), (5, 7, 12), (3, 28, 36), (13, 26, 36)]
예측 개수: 10


[936회차]
당첨번호: [7, 11, 13, 17, 18, 29], 보너스: 43
출현빈도 정렬: [34, 43, 27, 17, 18, 39, 12, 14, 40, 1, 20, 45, 13, 33, 19, 5, 10, 37, 4, 38, 11, 15, 31, 3, 8, 21, 26, 44, 7, 36, 24, 2, 16, 25, 42, 6, 28, 35, 23, 41, 29, 30, 32, 22, 9]
사용한 3개 순위 패턴 10개: [(46, 46, 46), (4, 46, 46), (15, 17, 31), (13, 20, 37), (6, 30, 33), (9, 20, 33), (8, 21, 23), (5, 7, 12), (3, 28, 36), (13, 26, 36)]
예측 개수: 10


[937회차]
당첨번호: [2, 10, 13, 22, 29, 40], 보너스: 26
출현빈도 정렬: [34, 43, 27, 17, 18, 39, 12, 14, 40, 1, 13, 20, 45, 33, 19, 5, 10, 37, 4, 11, 38, 15, 31, 3, 7, 8, 21, 26, 44, 36, 24, 2, 16, 25, 42, 6, 28, 35, 23, 29, 41, 30, 32, 22, 9]
사용한 3개 순위 패턴 10개: [(46, 46, 46), (4, 46, 46), (15, 17, 31), (13, 20, 37), (6, 30, 33), (9, 20, 33), (8, 21, 23), (5, 7, 12), (3, 28, 36), (13, 26, 36)]
예측 개수: 10


[938회차]
당첨번호: [4, 8, 10, 16, 31, 36], 보너스: 9
출현빈도 정렬: [34, 43, 27, 17, 18, 39, 12, 40, 13, 14, 1, 20, 45, 33, 10, 19, 5, 37, 4, 11, 38, 15, 31, 3, 7, 8, 21, 26, 44, 36, 2, 24, 16, 25, 42, 6, 28, 29, 35, 23, 41, 30, 32, 22, 9]
사용한 3개 순위 패턴 10개: [(46, 46, 46), (4, 46, 46), (15, 17, 31), (13, 20, 37), (6, 30, 33), (9, 20, 33), (8, 21, 23), (5, 7, 12), (3, 28, 36), (13, 26, 36)]
예측 개수: 10


[939회차]
당첨번호: [4, 11, 28, 39, 42, 45], 보너스: 6
출현빈도 정렬: [34, 43, 27, 17, 18, 39, 12, 40, 13, 14, 1, 20, 45, 10, 33, 19, 4, 5, 37, 11, 31, 38, 8, 15, 3, 7, 21, 26, 36, 44, 2, 24, 16, 25, 42, 6, 28, 29, 35, 23, 41, 30, 32, 22, 9]
사용한 3개 순위 패턴 10개: [(46, 46, 46), (4, 46, 46), (15, 17, 31), (13, 20, 37), (6, 30, 33), (9, 20, 33), (8, 21, 23), (5, 7, 12), (3, 28, 36), (13, 26, 36)]
예측 개수: 10


[940회차]
당첨번호: [3, 15, 20, 22, 24, 41], 보너스: 11
출현빈도 정렬: [34, 43, 27, 17, 18, 39, 12, 40, 13, 14, 45, 1, 20, 10, 33, 4, 19, 5, 11, 37, 31, 38, 8, 15, 3, 7, 21, 26, 36, 44, 2, 24, 16, 42, 25, 6, 28, 29, 35, 23, 41, 30, 32, 22, 9]
사용한 3개 순위 패턴 10개: [(46, 46, 46), (4, 46, 46), (15, 17, 31), (13, 20, 37), (6, 30, 33), (9, 20, 33), (8, 21, 23), (5, 7, 12), (3, 28, 36), (13, 26, 36)]
예측 개수: 10


[941회차]
당첨번호: [12, 14, 25, 27, 39, 40], 보너스: 35
출현빈도 정렬: [34, 43, 27, 17, 18, 39, 12, 40, 13, 14, 20, 45, 1, 10, 33, 4, 19, 5, 11, 37, 15, 31, 38, 3, 8, 7, 21, 26, 36, 44, 24, 2, 16, 42, 25, 6, 28, 29, 35, 41, 23, 30, 32, 22, 9]
사용한 3개 순위 패턴 10개: [(46, 46, 46), (4, 46, 46), (15, 17, 31), (13, 20, 37), (6, 30, 33), (9, 20, 33), (8, 21, 23), (5, 7, 12), (3, 28, 36), (13, 26, 36)]
예측 개수: 10


[942회차]
당첨번호: [10, 12, 18, 35, 42, 43], 보너스: 39
출현빈도 정렬: [34, 27, 43, 17, 18, 39, 12, 40, 14, 13, 20, 45, 1, 10, 33, 4, 19, 5, 11, 37, 15, 31, 38, 3, 8, 7, 21, 26, 36, 44, 24, 2, 16, 25, 42, 6, 28, 29, 35, 41, 23, 30, 32, 22, 9]
사용한 3개 순위 패턴 10개: [(46, 46, 46), (4, 46, 46), (15, 17, 31), (13, 20, 37), (6, 30, 33), (9, 20, 33), (8, 21, 23), (5, 7, 12), (3, 28, 36), (13, 26, 36)]
예측 개수: 10


[943회차]
당첨번호: [1, 8, 13, 36, 44, 45], 보너스: 39
출현빈도 정렬: [34, 43, 27, 18, 17, 39, 12, 40, 14, 13, 20, 45, 1, 10, 33, 4, 19, 5, 11, 37, 15, 31, 38, 3, 8, 7, 21, 26, 36, 44, 24, 2, 42, 16, 25, 6, 28, 35, 29, 41, 23, 30, 32, 22, 9]
사용한 3개 순위 패턴 10개: [(46, 46, 46), (4, 46, 46), (15, 17, 31), (13, 20, 37), (6, 30, 33), (9, 20, 33), (8, 21, 23), (5, 7, 12), (3, 28, 36), (13, 26, 36)]
예측 개수: 10


[944회차]
당첨번호: [2, 13, 16, 19, 32, 33], 보너스: 42
출현빈도 정렬: [34, 43, 27, 18, 17, 39, 12, 40, 13, 14, 45, 1, 20, 10, 33, 4, 19, 5, 11, 37, 8, 15, 31, 38, 3, 36, 44, 7, 21, 26, 24, 2, 42, 16, 25, 6, 28, 35, 29, 41, 23, 30, 32, 22, 9]
사용한 3개 순위 패턴 10개: [(46, 46, 46), (4, 46, 46), (15, 17, 31), (13, 20, 37), (6, 30, 33), (9, 20, 33), (8, 21, 23), (5, 7, 12), (3, 28, 36), (13, 26, 36)]
예측 개수: 10


[945회차]
당첨번호: [9, 10, 15, 30, 33, 37], 보너스: 26
출현빈도 정렬: [34, 43, 27, 18, 17, 39, 12, 13, 40, 14, 45, 1, 20, 10, 33, 19, 4, 5, 11, 37, 8, 15, 31, 38, 3, 36, 44, 7, 21, 26, 2, 24, 16, 42, 25, 6, 28, 35, 29, 41, 23, 30, 32, 22, 9]
사용한 3개 순위 패턴 10개: [(46, 46, 46), (4, 46, 46), (15, 17, 31), (13, 20, 37), (6, 30, 33), (9, 20, 33), (8, 21, 23), (5, 7, 12), (3, 28, 36), (13, 26, 36)]
예측 개수: 10


[946회차]
당첨번호: [9, 18, 19, 30, 34, 40], 보너스: 20
출현빈도 정렬: [34, 43, 27, 18, 17, 39, 12, 13, 40, 14, 45, 1, 10, 20, 33, 19, 4, 37, 5, 11, 15, 8, 31, 38, 3, 36, 44, 7, 21, 26, 2, 24, 16, 42, 25, 6, 28, 35, 29, 41, 23, 30, 32, 22, 9]
사용한 3개 순위 패턴 10개: [(46, 46, 46), (4, 46, 46), (15, 17, 31), (13, 20, 37), (6, 30, 33), (9, 20, 33), (8, 21, 23), (5, 7, 12), (3, 28, 36), (13, 26, 36)]
예측 개수: 10


[947회차]
당첨번호: [3, 8, 17, 20, 27, 35], 보너스: 26
출현빈도 정렬: [34, 43, 27, 18, 17, 39, 12, 40, 13, 14, 45, 1, 10, 20, 33, 19, 4, 37, 5, 11, 15, 8, 31, 38, 3, 36, 44, 7, 21, 26, 2, 24, 16, 42, 25, 6, 28, 35, 29, 30, 41, 23, 32, 22, 9]
사용한 3개 순위 패턴 10개: [(46, 46, 46), (4, 46, 46), (15, 17, 31), (13, 20, 37), (6, 30, 33), (9, 20, 33), (8, 21, 23), (5, 7, 12), (3, 28, 36), (13, 26, 36)]
예측 개수: 10


[948회차]
당첨번호: [13, 18, 30, 31, 38, 41], 보너스: 5
출현빈도 정렬: [34, 27, 43, 18, 17, 39, 12, 40, 13, 14, 20, 45, 1, 10, 33, 19, 4, 37, 5, 8, 11, 15, 3, 31, 38, 36, 44, 7, 21, 26, 2, 24, 16, 42, 25, 6, 28, 35, 29, 30, 41, 23, 32, 22, 9]
사용한 3개 순위 패턴 10개: [(46, 46, 46), (4, 46, 46), (15, 17, 31), (13, 20, 37), (6, 30, 33), (9, 20, 33), (8, 21, 23), (5, 7, 12), (3, 28, 36), (13, 26, 36)]
예측 개수: 10


[949회차]
당첨번호: [14, 21, 35, 36, 40, 44], 보너스: 30
출현빈도 정렬: [34, 27, 43, 18, 17, 39, 12, 13, 40, 14, 20, 45, 1, 10, 33, 19, 4, 37, 5, 8, 11, 15, 31, 38, 3, 36, 44, 7, 21, 26, 2, 24, 16, 42, 25, 6, 28, 35, 30, 41, 29, 23, 32, 22, 9]
사용한 3개 순위 패턴 10개: [(46, 46, 46), (4, 46, 46), (15, 17, 31), (13, 20, 37), (6, 30, 33), (9, 20, 33), (8, 21, 23), (5, 7, 12), (3, 28, 36), (13, 26, 36)]
예측 개수: 10


[950회차]
당첨번호: [3, 4, 15, 22, 28, 40], 보너스: 10
출현빈도 정렬: [34, 27, 43, 18, 17, 39, 40, 12, 13, 14, 20, 45, 1, 10, 33, 19, 4, 37, 5, 8, 11, 15, 31, 38, 3, 36, 44, 21, 7, 26, 2, 24, 16, 42, 25, 6, 28, 35, 30, 41, 29, 23, 32, 22, 9]
사용한 3개 순위 패턴 10개: [(46, 46, 46), (4, 46, 46), (15, 17, 31), (13, 20, 37), (6, 30, 33), (9, 20, 33), (8, 21, 23), (5, 7, 12), (3, 28, 36), (13, 26, 36)]
예측 개수: 10


[951회차]
당첨번호: [2, 12, 30, 31, 39, 43], 보너스: 38
출현빈도 정렬: [34, 27, 43, 18, 17, 40, 39, 12, 13, 14, 20, 45, 1, 10, 33, 19, 4, 15, 37, 3, 5, 8, 11, 31, 38, 36, 44, 21, 7, 26, 2, 24, 16, 42, 25, 6, 28, 35, 30, 41, 29, 23, 32, 22, 9]
사용한 3개 순위 패턴 10개: [(46, 46, 46), (4, 46, 46), (15, 17, 31), (13, 20, 37), (6, 30, 33), (9, 20, 33), (8, 21, 23), (5, 7, 12), (3, 28, 36), (13, 26, 36)]
예측 개수: 10


[952회차]
당첨번호: [4, 12, 22, 24, 33, 41], 보너스: 38
출현빈도 정렬: [34, 43, 27, 18, 17, 39, 40, 12, 13, 14, 20, 45, 1, 10, 33, 19, 4, 15, 31, 37, 3, 5, 8, 11, 38, 36, 44, 21, 2, 7, 26, 24, 16, 42, 25, 6, 28, 35, 30, 41, 29, 23, 32, 22, 9]
사용한 3개 순위 패턴 10개: [(46, 46, 46), (4, 46, 46), (15, 17, 31), (13, 20, 37), (6, 30, 33), (9, 20, 33), (8, 21, 23), (5, 7, 12), (3, 28, 36), (13, 26, 36)]
예측 개수: 10


[953회차]
당첨번호: [7, 9, 22, 27, 37, 42], 보너스: 34
출현빈도 정렬: [34, 43, 27, 18, 12, 17, 39, 40, 13, 14, 20, 33, 45, 1, 10, 4, 19, 15, 31, 37, 3, 5, 8, 11, 38, 36, 44, 21, 2, 7, 24, 26, 16, 42, 25, 6, 28, 35, 30, 41, 29, 23, 32, 22, 9]
사용한 3개 순위 패턴 10개: [(46, 46, 46), (4, 46, 46), (15, 17, 31), (13, 20, 37), (6, 30, 33), (9, 20, 33), (8, 21, 23), (5, 7, 12), (3, 28, 36), (13, 26, 36)]
예측 개수: 10


[954회차]
당첨번호: [1, 9, 26, 28, 30, 41], 보너스: 32
출현빈도 정렬: [34, 27, 43, 18, 12, 17, 39, 40, 13, 14, 20, 33, 45, 1, 10, 4, 19, 37, 15, 31, 3, 5, 8, 11, 38, 36, 44, 7, 21, 2, 24, 26, 42, 16, 25, 6, 28, 35, 30, 41, 29, 23, 22, 32, 9]
사용한 3개 순위 패턴 10개: [(46, 46, 46), (4, 46, 46), (15, 17, 31), (13, 20, 37), (6, 30, 33), (9, 20, 33), (8, 21, 23), (5, 7, 12), (3, 28, 36), (13, 26, 36)]
예측 개수: 10


[955회차]
당첨번호: [4, 9, 23, 26, 29, 33], 보너스: 8
출현빈도 정렬: [34, 27, 43, 18, 12, 17, 39, 40, 13, 14, 1, 20, 33, 45, 10, 4, 19, 37, 15, 31, 3, 5, 8, 11, 38, 36, 44, 7, 21, 26, 2, 24, 42, 16, 25, 28, 6, 30, 35, 41, 29, 23, 22, 32, 9]
사용한 3개 순위 패턴 10개: [(46, 46, 46), (4, 46, 46), (15, 17, 31), (13, 20, 37), (6, 30, 33), (9, 20, 33), (8, 21, 23), (5, 7, 12), (3, 28, 36), (13, 26, 36)]
예측 개수: 10


[956회차]
당첨번호: [10, 11, 20, 21, 25, 41], 보너스: 40
출현빈도 정렬: [34, 27, 43, 18, 12, 17, 39, 40, 13, 14, 33, 1, 20, 45, 4, 10, 19, 37, 15, 31, 3, 5, 8, 11, 38, 26, 36, 44, 7, 21, 2, 24, 42, 16, 25, 28, 6, 30, 35, 41, 29, 23, 22, 32, 9]
사용한 3개 순위 패턴 10개: [(46, 46, 46), (4, 46, 46), (15, 17, 31), (13, 20, 37), (6, 30, 33), (9, 20, 33), (8, 21, 23), (5, 7, 12), (3, 28, 36), (13, 26, 36)]
예측 개수: 10


[957회차]
당첨번호: [4, 15, 24, 35, 36, 40], 보너스: 1
출현빈도 정렬: [34, 27, 43, 18, 12, 17, 39, 40, 13, 14, 20, 33, 1, 10, 45, 4, 19, 37, 11, 15, 31, 3, 5, 8, 38, 21, 26, 36, 44, 7, 2, 24, 42, 16, 25, 28, 6, 41, 30, 35, 29, 23, 22, 32, 9]
사용한 3개 순위 패턴 10개: [(46, 46, 46), (4, 46, 46), (15, 17, 31), (13, 20, 37), (6, 30, 33), (9, 20, 33), (8, 21, 23), (5, 7, 12), (3, 28, 36), (13, 26, 36)]
예측 개수: 10


[958회차]
당첨번호: [2, 9, 10, 16, 35, 37], 보너스: 1
출현빈도 정렬: [34, 27, 43, 18, 40, 12, 17, 39, 13, 14, 20, 33, 1, 4, 10, 45, 19, 15, 37, 11, 31, 3, 5, 8, 36, 38, 21, 26, 44, 7, 24, 2, 42, 16, 25, 28, 6, 35, 41, 30, 29, 23, 22, 32, 9]
사용한 3개 순위 패턴 10개: [(46, 46, 46), (4, 46, 46), (15, 17, 31), (13, 20, 37), (6, 30, 33), (9, 20, 33), (8, 21, 23), (5, 7, 12), (3, 28, 36), (13, 26, 36)]
예측 개수: 10


[959회차]
당첨번호: [1, 14, 15, 24, 40, 41], 보너스: 35
출현빈도 정렬: [34, 27, 43, 18, 40, 12, 17, 39, 13, 10, 14, 20, 33, 1, 4, 45, 19, 37, 15, 11, 31, 3, 5, 8, 36, 38, 21, 26, 44, 2, 7, 24, 16, 42, 25, 28, 35, 6, 41, 30, 29, 23, 22, 32, 9]
사용한 3개 순위 패턴 10개: [(46, 46, 46), (4, 46, 46), (15, 17, 31), (13, 20, 37), (6, 30, 33), (9, 20, 33), (8, 21, 23), (5, 7, 12), (3, 28, 36), (13, 26, 36)]
예측 개수: 10


[960회차]
당첨번호: [2, 18, 24, 30, 32, 45], 보너스: 14
출현빈도 정렬: [34, 27, 43, 18, 40, 12, 17, 39, 13, 14, 1, 10, 20, 33, 4, 45, 15, 19, 37, 11, 31, 3, 5, 8, 36, 38, 21, 24, 26, 44, 2, 7, 16, 42, 25, 28, 35, 41, 6, 30, 29, 23, 22, 32, 9]
사용한 3개 순위 패턴 10개: [(46, 46, 46), (4, 46, 46), (15, 17, 31), (13, 20, 37), (6, 30, 33), (9, 20, 33), (8, 21, 23), (5, 7, 12), (3, 28, 36), (13, 26, 36)]
예측 개수: 10


[961회차]
당첨번호: [11, 20, 29, 31, 33, 42], 보너스: 43
출현빈도 정렬: [34, 27, 43, 18, 40, 12, 17, 39, 13, 14, 1, 10, 20, 33, 45, 4, 15, 19, 37, 11, 31, 3, 5, 8, 24, 36, 38, 2, 21, 26, 44, 7, 16, 42, 25, 28, 35, 41, 6, 30, 29, 23, 32, 22, 9]
사용한 3개 순위 패턴 10개: [(46, 46, 46), (4, 46, 46), (15, 17, 31), (13, 20, 37), (6, 30, 33), (9, 20, 33), (8, 21, 23), (5, 7, 12), (3, 28, 36), (13, 26, 36)]
예측 개수: 10


[962회차]
당첨번호: [1, 18, 28, 31, 34, 43], 보너스: 40
출현빈도 정렬: [34, 27, 43, 18, 40, 12, 17, 39, 13, 14, 20, 33, 1, 10, 45, 4, 15, 19, 37, 11, 31, 3, 5, 8, 24, 36, 38, 2, 21, 26, 44, 7, 42, 16, 25, 28, 35, 41, 6, 30, 29, 23, 32, 22, 9]
사용한 3개 순위 패턴 10개: [(46, 46, 46), (4, 46, 46), (15, 17, 31), (13, 20, 37), (6, 30, 33), (9, 20, 33), (8, 21, 23), (5, 7, 12), (3, 28, 36), (13, 26, 36)]
예측 개수: 10


[963회차]
당첨번호: [6, 12, 19, 23, 34, 42], 보너스: 35
출현빈도 정렬: [34, 43, 18, 27, 40, 12, 17, 39, 1, 13, 14, 20, 33, 10, 45, 4, 15, 19, 31, 37, 11, 3, 5, 8, 24, 36, 38, 2, 21, 26, 44, 7, 42, 16, 25, 28, 35, 41, 6, 30, 29, 23, 32, 22, 9]
사용한 3개 순위 패턴 10개: [(46, 46, 46), (4, 46, 46), (15, 17, 31), (13, 20, 37), (6, 30, 33), (9, 20, 33), (8, 21, 23), (5, 7, 12), (3, 28, 36), (13, 26, 36)]
예측 개수: 10


[964회차]
당첨번호: [6, 21, 36, 38, 39, 43], 보너스: 30
출현빈도 정렬: [34, 43, 18, 27, 40, 12, 17, 39, 1, 13, 14, 20, 33, 10, 45, 4, 19, 15, 31, 37, 11, 3, 5, 8, 24, 36, 38, 2, 21, 26, 44, 7, 42, 16, 25, 28, 6, 35, 41, 30, 29, 23, 32, 22, 9]
사용한 3개 순위 패턴 10개: [(46, 46, 46), (4, 46, 46), (15, 17, 31), (13, 20, 37), (6, 30, 33), (9, 20, 33), (8, 21, 23), (5, 7, 12), (3, 28, 36), (13, 26, 36)]
예측 개수: 10


[965회차]
당첨번호: [2, 13, 25, 28, 29, 36], 보너스: 34
출현빈도 정렬: [34, 43, 18, 27, 40, 12, 39, 17, 1, 13, 14, 20, 33, 10, 45, 4, 19, 15, 31, 37, 11, 36, 38, 3, 5, 8, 21, 24, 2, 26, 44, 7, 42, 16, 25, 6, 28, 35, 41, 30, 29, 23, 32, 22, 9]
사용한 3개 순위 패턴 10개: [(46, 46, 46), (4, 46, 46), (15, 17, 31), (13, 20, 37), (6, 30, 33), (9, 20, 33), (8, 21, 23), (5, 7, 12), (3, 28, 36), (13, 26, 36)]
예측 개수: 10


[966회차]
당첨번호: [1, 21, 25, 29, 34, 37], 보너스: 36
출현빈도 정렬: [34, 43, 18, 27, 40, 12, 39, 17, 13, 1, 14, 20, 33, 10, 45, 4, 19, 15, 31, 37, 11, 36, 38, 2, 3, 5, 8, 21, 24, 26, 44, 7, 42, 16, 25, 28, 6, 35, 41, 30, 29, 23, 32, 22, 9]
사용한 3개 순위 패턴 10개: [(46, 46, 46), (4, 46, 46), (15, 17, 31), (13, 20, 37), (6, 30, 33), (9, 20, 33), (8, 21, 23), (5, 7, 12), (3, 28, 36), (13, 26, 36)]
예측 개수: 10


[967회차]
당첨번호: [1, 6, 13, 37, 38, 40], 보너스: 9
출현빈도 정렬: [34, 43, 18, 27, 40, 12, 39, 17, 1, 13, 14, 20, 33, 10, 45, 4, 19, 37, 15, 31, 11, 36, 21, 38, 2, 3, 5, 8, 24, 26, 44, 7, 42, 25, 16, 28, 6, 35, 41, 29, 30, 23, 32, 22, 9]
사용한 3개 순위 패턴 10개: [(46, 46, 46), (4, 46, 46), (15, 17, 31), (13, 20, 37), (6, 30, 33), (9, 20, 33), (8, 21, 23), (5, 7, 12), (3, 28, 36), (13, 26, 36)]
예측 개수: 10


[968회차]
당첨번호: [2, 5, 12, 14, 24, 39], 보너스: 33
출현빈도 정렬: [34, 43, 18, 27, 40, 12, 39, 1, 13, 17, 14, 20, 33, 10, 45, 4, 37, 19, 15, 31, 11, 36, 38, 21, 2, 3, 5, 8, 24, 26, 44, 7, 42, 25, 16, 6, 28, 35, 41, 29, 30, 23, 32, 22, 9]
사용한 3개 순위 패턴 10개: [(46, 46, 46), (4, 46, 46), (15, 17, 31), (13, 20, 37), (6, 30, 33), (9, 20, 33), (8, 21, 23), (5, 7, 12), (3, 28, 36), (13, 26, 36)]
예측 개수: 10


[969회차]
당첨번호: [3, 9, 10, 29, 40, 45], 보너스: 7
출현빈도 정렬: [34, 43, 18, 27, 40, 12, 39, 1, 13, 17, 14, 20, 33, 10, 45, 4, 37, 19, 15, 31, 11, 36, 38, 2, 5, 21, 24, 3, 8, 26, 44, 7, 42, 25, 16, 6, 28, 35, 41, 29, 30, 23, 32, 22, 9]
사용한 3개 순위 패턴 10개: [(46, 46, 46), (4, 46, 46), (15, 17, 31), (13, 20, 37), (6, 30, 33), (9, 20, 33), (8, 21, 23), (5, 7, 12), (3, 28, 36), (13, 26, 36)]
예측 개수: 10


[970회차]
당첨번호: [9, 11, 16, 21, 28, 36], 보너스: 5
출현빈도 정렬: [34, 43, 18, 27, 40, 12, 39, 1, 13, 17, 14, 10, 20, 33, 45, 4, 37, 19, 15, 31, 11, 36, 38, 2, 3, 5, 21, 24, 8, 26, 44, 7, 42, 25, 16, 6, 28, 29, 35, 41, 30, 23, 32, 22, 9]
사용한 3개 순위 패턴 10개: [(46, 46, 46), (4, 46, 46), (15, 17, 31), (13, 20, 37), (6, 30, 33), (9, 20, 33), (8, 21, 23), (5, 7, 12), (3, 28, 36), (13, 26, 36)]
예측 개수: 10


[971회차]
당첨번호: [2, 6, 17, 18, 21, 26], 보너스: 7
출현빈도 정렬: [34, 43, 18, 27, 40, 12, 39, 1, 13, 17, 14, 10, 20, 33, 45, 4, 37, 19, 11, 15, 31, 36, 21, 38, 2, 3, 5, 24, 8, 26, 44, 7, 42, 16, 25, 28, 6, 29, 35, 41, 30, 23, 32, 22, 9]
사용한 3개 순위 패턴 10개: [(46, 46, 46), (4, 46, 46), (15, 17, 31), (13, 20, 37), (6, 30, 33), (9, 20, 33), (8, 21, 23), (5, 7, 12), (3, 28, 36), (13, 26, 36)]
예측 개수: 10


[972회차]
당첨번호: [3, 6, 17, 23, 37, 39], 보너스: 26
출현빈도 정렬: [34, 43, 18, 27, 40, 12, 39, 17, 1, 13, 14, 10, 20, 33, 45, 4, 37, 19, 11, 15, 21, 31, 36, 2, 38, 3, 5, 24, 8, 26, 44, 7, 42, 16, 25, 6, 28, 29, 35, 41, 30, 23, 32, 22, 9]
사용한 3개 순위 패턴 10개: [(46, 46, 46), (4, 46, 46), (15, 17, 31), (13, 20, 37), (6, 30, 33), (9, 20, 33), (8, 21, 23), (5, 7, 12), (3, 28, 36), (13, 26, 36)]
예측 개수: 10


[973회차]
당첨번호: [22, 26, 31, 37, 41, 42], 보너스: 24
출현빈도 정렬: [34, 43, 18, 27, 40, 39, 12, 17, 1, 13, 14, 10, 20, 33, 45, 37, 4, 19, 11, 15, 21, 31, 36, 2, 3, 38, 5, 24, 8, 26, 44, 7, 42, 16, 25, 6, 28, 29, 35, 41, 30, 23, 32, 22, 9]
사용한 3개 순위 패턴 10개: [(46, 46, 46), (4, 46, 46), (15, 17, 31), (13, 20, 37), (6, 30, 33), (9, 20, 33), (8, 21, 23), (5, 7, 12), (3, 28, 36), (13, 26, 36)]
예측 개수: 10


[974회차]
당첨번호: [1, 2, 11, 16, 39, 44], 보너스: 32
출현빈도 정렬: [34, 43, 18, 27, 40, 39, 12, 17, 1, 13, 14, 10, 20, 33, 37, 45, 4, 19, 31, 11, 15, 21, 36, 2, 3, 38, 5, 24, 26, 8, 42, 44, 7, 16, 25, 6, 28, 41, 29, 35, 30, 23, 22, 32, 9]
사용한 3개 순위 패턴 10개: [(46, 46, 46), (4, 46, 46), (15, 17, 31), (13, 20, 37), (6, 30, 33), (9, 20, 33), (8, 21, 23), (5, 7, 12), (3, 28, 36), (13, 26, 36)]
예측 개수: 10


[975회차]
당첨번호: [7, 8, 9, 17, 22, 24], 보너스: 5
출현빈도 정렬: [34, 43, 18, 27, 39, 40, 12, 17, 1, 13, 14, 10, 20, 33, 37, 45, 4, 11, 19, 31, 2, 15, 21, 36, 3, 38, 5, 24, 26, 8, 44, 42, 7, 16, 25, 6, 28, 41, 29, 35, 30, 23, 22, 32, 9]
사용한 3개 순위 패턴 10개: [(46, 46, 46), (4, 46, 46), (15, 17, 31), (13, 20, 37), (6, 30, 33), (9, 20, 33), (8, 21, 23), (5, 7, 12), (3, 28, 36), (13, 26, 36)]
예측 개수: 10


[976회차]
당첨번호: [4, 12, 14, 25, 35, 37], 보너스: 2
출현빈도 정렬: [34, 43, 18, 27, 39, 40, 17, 12, 1, 13, 14, 10, 20, 33, 37, 45, 4, 11, 19, 31, 2, 15, 21, 36, 3, 24, 38, 5, 8, 26, 44, 7, 42, 16, 25, 6, 28, 41, 29, 35, 30, 23, 22, 32, 9]
사용한 3개 순위 패턴 10개: [(46, 46, 46), (4, 46, 46), (15, 17, 31), (13, 20, 37), (6, 30, 33), (9, 20, 33), (8, 21, 23), (5, 7, 12), (3, 28, 36), (13, 26, 36)]
예측 개수: 10


[977회차]
당첨번호: [2, 9, 10, 14, 22, 44], 보너스: 16
출현빈도 정렬: [34, 43, 18, 27, 39, 40, 12, 17, 1, 13, 14, 37, 10, 20, 33, 45, 4, 11, 19, 31, 2, 15, 21, 36, 3, 24, 38, 5, 8, 26, 44, 7, 42, 16, 25, 6, 28, 35, 41, 29, 30, 23, 22, 32, 9]
사용한 3개 순위 패턴 10개: [(46, 46, 46), (4, 46, 46), (15, 17, 31), (13, 20, 37), (6, 30, 33), (9, 20, 33), (8, 21, 23), (5, 7, 12), (3, 28, 36), (13, 26, 36)]
예측 개수: 10


[978회차]
당첨번호: [1, 7, 15, 32, 34, 42], 보너스: 8
출현빈도 정렬: [34, 43, 18, 27, 39, 40, 12, 17, 1, 14, 13, 10, 37, 20, 33, 45, 4, 2, 11, 19, 31, 15, 21, 36, 3, 24, 38, 5, 8, 26, 44, 7, 42, 16, 25, 6, 28, 35, 41, 29, 30, 23, 22, 32, 9]
사용한 3개 순위 패턴 10개: [(46, 46, 46), (4, 46, 46), (15, 17, 31), (13, 20, 37), (6, 30, 33), (9, 20, 33), (8, 21, 23), (5, 7, 12), (3, 28, 36), (13, 26, 36)]
예측 개수: 10


[979회차]
당첨번호: [7, 11, 16, 21, 27, 33], 보너스: 24
출현빈도 정렬: [34, 43, 18, 27, 39, 40, 12, 17, 1, 14, 13, 10, 37, 20, 33, 45, 4, 2, 11, 15, 19, 31, 21, 36, 3, 24, 38, 5, 8, 26, 44, 7, 42, 16, 25, 6, 28, 35, 41, 29, 30, 23, 22, 32, 9]
사용한 3개 순위 패턴 10개: [(46, 46, 46), (4, 46, 46), (15, 17, 31), (13, 20, 37), (6, 30, 33), (9, 20, 33), (8, 21, 23), (5, 7, 12), (3, 28, 36), (13, 26, 36)]
예측 개수: 10


[980회차]
당첨번호: [3, 13, 16, 23, 24, 35], 보너스: 14
출현빈도 정렬: [34, 43, 18, 27, 39, 40, 12, 17, 1, 14, 13, 10, 33, 37, 20, 45, 4, 11, 2, 15, 19, 21, 31, 36, 3, 24, 38, 5, 7, 8, 26, 44, 42, 16, 25, 6, 28, 35, 41, 29, 30, 23, 22, 32, 9]
사용한 3개 순위 패턴 10개: [(46, 46, 46), (4, 46, 46), (15, 17, 31), (13, 20, 37), (6, 30, 33), (9, 20, 33), (8, 21, 23), (5, 7, 12), (3, 28, 36), (13, 26, 36)]
예측 개수: 10


[981회차]
당첨번호: [27, 36, 37, 41, 43, 45], 보너스: 32
출현빈도 정렬: [34, 43, 18, 27, 39, 40, 12, 17, 1, 13, 14, 10, 33, 37, 20, 45, 4, 11, 2, 15, 19, 21, 31, 3, 24, 36, 38, 5, 7, 8, 26, 44, 16, 42, 25, 6, 28, 35, 41, 29, 30, 23, 22, 32, 9]
사용한 3개 순위 패턴 10개: [(46, 46, 46), (4, 46, 46), (15, 17, 31), (13, 20, 37), (6, 30, 33), (9, 20, 33), (8, 21, 23), (5, 7, 12), (3, 28, 36), (13, 26, 36)]
예측 개수: 10


[982회차]
당첨번호: [5, 7, 13, 20, 21, 44], 보너스: 33
출현빈도 정렬: [34, 43, 27, 18, 39, 40, 12, 17, 1, 13, 14, 37, 10, 33, 45, 20, 4, 11, 2, 15, 19, 21, 31, 36, 3, 24, 38, 5, 7, 8, 26, 44, 16, 42, 25, 6, 28, 35, 41, 29, 30, 23, 22, 32, 9]
사용한 3개 순위 패턴 10개: [(46, 46, 46), (4, 46, 46), (15, 17, 31), (13, 20, 37), (6, 30, 33), (9, 20, 33), (8, 21, 23), (5, 7, 12), (3, 28, 36), (13, 26, 36)]
예측 개수: 10


[983회차]
당첨번호: [13, 23, 26, 31, 35, 43], 보너스: 15
출현빈도 정렬: [34, 43, 27, 18, 39, 40, 12, 17, 1, 13, 14, 37, 10, 20, 33, 45, 4, 11, 21, 2, 15, 19, 31, 36, 3, 24, 5, 7, 38, 44, 8, 26, 16, 42, 25, 6, 28, 35, 41, 29, 30, 23, 22, 32, 9]
사용한 3개 순위 패턴 10개: [(46, 46, 46), (4, 46, 46), (15, 17, 31), (13, 20, 37), (6, 30, 33), (9, 20, 33), (8, 21, 23), (5, 7, 12), (3, 28, 36), (13, 26, 36)]
예측 개수: 10


[984회차]
당첨번호: [3, 10, 23, 35, 36, 37], 보너스: 18
출현빈도 정렬: [34, 43, 27, 18, 39, 40, 12, 13, 17, 1, 14, 37, 10, 20, 33, 45, 4, 11, 21, 31, 2, 15, 19, 36, 3, 24, 5, 7, 26, 38, 44, 8, 16, 42, 25, 6, 28, 35, 41, 29, 23, 30, 22, 32, 9]
사용한 3개 순위 패턴 10개: [(46, 46, 46), (4, 46, 46), (15, 17, 31), (13, 20, 37), (6, 30, 33), (9, 20, 33), (8, 21, 23), (5, 7, 12), (3, 28, 36), (13, 26, 36)]
예측 개수: 10


[985회차]
당첨번호: [17, 21, 23, 30, 34, 44], 보너스: 19
출현빈도 정렬: [34, 43, 27, 18, 39, 40, 12, 13, 17, 1, 14, 37, 10, 20, 33, 45, 4, 11, 21, 31, 36, 2, 3, 15, 19, 24, 5, 7, 26, 38, 44, 8, 16, 42, 25, 6, 35, 28, 41, 23, 29, 30, 22, 32, 9]
사용한 3개 순위 패턴 10개: [(46, 46, 46), (4, 46, 46), (15, 17, 31), (13, 20, 37), (6, 30, 33), (9, 20, 33), (8, 21, 23), (5, 7, 12), (3, 28, 36), (13, 26, 36)]
예측 개수: 10


[986회차]
당첨번호: [7, 10, 16, 28, 41, 42], 보너스: 40
출현빈도 정렬: [34, 43, 27, 18, 17, 39, 40, 12, 13, 1, 14, 37, 10, 20, 33, 45, 4, 21, 11, 31, 36, 2, 3, 15, 19, 24, 44, 5, 7, 26, 38, 8, 16, 42, 25, 6, 35, 28, 41, 23, 29, 30, 22, 32, 9]
사용한 3개 순위 패턴 10개: [(46, 46, 46), (4, 46, 46), (15, 17, 31), (13, 20, 37), (6, 30, 33), (9, 20, 33), (8, 21, 23), (5, 7, 12), (3, 28, 36), (13, 26, 36)]
예측 개수: 10


[987회차]
당첨번호: [2, 4, 15, 23, 29, 38], 보너스: 7
출현빈도 정렬: [34, 43, 27, 18, 17, 39, 40, 12, 13, 1, 10, 14, 37, 20, 33, 45, 4, 21, 11, 31, 36, 2, 3, 15, 19, 7, 24, 44, 5, 26, 38, 8, 16, 42, 25, 6, 28, 35, 41, 23, 29, 30, 22, 32, 9]
사용한 3개 순위 패턴 10개: [(46, 46, 46), (4, 46, 46), (15, 17, 31), (13, 20, 37), (6, 30, 33), (9, 20, 33), (8, 21, 23), (5, 7, 12), (3, 28, 36), (13, 26, 36)]
예측 개수: 10


[988회차]
당첨번호: [2, 13, 20, 30, 31, 41], 보너스: 27
출현빈도 정렬: [34, 43, 27, 18, 17, 39, 40, 12, 13, 1, 10, 14, 37, 20, 33, 45, 4, 21, 2, 11, 15, 31, 36, 3, 19, 7, 24, 38, 44, 5, 26, 8, 16, 42, 25, 6, 28, 35, 41, 23, 29, 30, 22, 32, 9]
사용한 3개 순위 패턴 10개: [(46, 46, 46), (4, 46, 46), (15, 17, 31), (13, 20, 37), (6, 30, 33), (9, 20, 33), (8, 21, 23), (5, 7, 12), (3, 28, 36), (13, 26, 36)]
예측 개수: 10


[989회차]
당첨번호: [17, 18, 21, 27, 29, 33], 보너스: 26
출현빈도 정렬: [34, 43, 27, 18, 13, 17, 39, 40, 12, 1, 10, 14, 37, 20, 33, 45, 4, 2, 21, 31, 11, 15, 36, 3, 19, 7, 24, 38, 44, 5, 26, 8, 16, 42, 25, 6, 28, 35, 41, 23, 29, 30, 22, 32, 9]
사용한 3개 순위 패턴 10개: [(46, 46, 46), (4, 46, 46), (15, 17, 31), (13, 20, 37), (6, 30, 33), (9, 20, 33), (8, 21, 23), (5, 7, 12), (3, 28, 36), (13, 26, 36)]
예측 개수: 10


[990회차]
당첨번호: [2, 4, 25, 26, 36, 37], 보너스: 28
출현빈도 정렬: [34, 43, 27, 18, 17, 13, 39, 40, 12, 1, 10, 14, 37, 20, 33, 45, 4, 21, 2, 31, 11, 15, 36, 3, 19, 7, 24, 38, 44, 5, 26, 8, 16, 42, 25, 6, 28, 35, 41, 23, 29, 30, 22, 32, 9]
사용한 3개 순위 패턴 10개: [(46, 46, 46), (4, 46, 46), (15, 17, 31), (13, 20, 37), (6, 30, 33), (9, 20, 33), (8, 21, 23), (5, 7, 12), (3, 28, 36), (13, 26, 36)]
예측 개수: 10


[991회차]
당첨번호: [13, 18, 25, 31, 33, 44], 보너스: 38
출현빈도 정렬: [34, 43, 27, 18, 17, 13, 39, 40, 12, 1, 37, 10, 14, 20, 33, 4, 45, 2, 21, 31, 36, 11, 15, 3, 19, 7, 24, 26, 38, 44, 5, 8, 16, 42, 25, 6, 28, 35, 41, 23, 29, 30, 22, 32, 9]
사용한 3개 순위 패턴 10개: [(46, 46, 46), (4, 46, 46), (15, 17, 31), (13, 20, 37), (6, 30, 33), (9, 20, 33), (8, 21, 23), (5, 7, 12), (3, 28, 36), (13, 26, 36)]
예측 개수: 10


[992회차]
당첨번호: [12, 20, 26, 33, 44, 45], 보너스: 24
출현빈도 정렬: [34, 43, 18, 27, 13, 17, 39, 40, 12, 1, 37, 10, 14, 33, 20, 4, 45, 2, 21, 31, 36, 11, 15, 3, 19, 44, 7, 24, 26, 38, 5, 8, 16, 42, 25, 6, 28, 35, 41, 23, 29, 30, 22, 32, 9]
사용한 3개 순위 패턴 10개: [(46, 46, 46), (4, 46, 46), (15, 17, 31), (13, 20, 37), (6, 30, 33), (9, 20, 33), (8, 21, 23), (5, 7, 12), (3, 28, 36), (13, 26, 36)]
예측 개수: 10


[993회차]
당첨번호: [6, 14, 16, 18, 24, 42], 보너스: 44
출현빈도 정렬: [34, 43, 18, 27, 13, 17, 12, 39, 40, 1, 33, 37, 10, 14, 20, 45, 4, 2, 21, 31, 36, 11, 15, 44, 3, 19, 26, 7, 24, 38, 5, 8, 16, 42, 25, 6, 28, 35, 41, 23, 29, 30, 22, 32, 9]
사용한 3개 순위 패턴 10개: [(46, 46, 46), (4, 46, 46), (15, 17, 31), (13, 20, 37), (6, 30, 33), (9, 20, 33), (8, 21, 23), (5, 7, 12), (3, 28, 36), (13, 26, 36)]
예측 개수: 10


[994회차]
당첨번호: [1, 3, 8, 24, 27, 35], 보너스: 28
출현빈도 정렬: [34, 18, 43, 27, 13, 17, 12, 39, 40, 1, 14, 33, 37, 10, 20, 45, 4, 2, 21, 31, 36, 11, 15, 44, 3, 19, 24, 26, 7, 38, 5, 16, 42, 8, 25, 6, 28, 35, 41, 23, 29, 30, 22, 32, 9]
사용한 3개 순위 패턴 10개: [(46, 46, 46), (4, 46, 46), (15, 17, 31), (13, 20, 37), (6, 30, 33), (9, 20, 33), (8, 21, 23), (5, 7, 12), (3, 28, 36), (13, 26, 36)]
예측 개수: 10


[995회차]
당첨번호: [1, 4, 13, 29, 38, 39], 보너스: 7
출현빈도 정렬: [34, 18, 27, 43, 13, 17, 12, 39, 40, 1, 14, 33, 37, 10, 20, 45, 4, 2, 21, 31, 36, 3, 11, 15, 24, 44, 19, 26, 7, 38, 5, 8, 16, 42, 25, 6, 35, 28, 41, 23, 29, 30, 22, 32, 9]
사용한 3개 순위 패턴 10개: [(46, 46, 46), (4, 46, 46), (15, 17, 31), (13, 20, 37), (6, 30, 33), (9, 20, 33), (8, 21, 23), (5, 7, 12), (3, 28, 36), (13, 26, 36)]
예측 개수: 10


[996회차]
당첨번호: [6, 11, 15, 24, 32, 39], 보너스: 28
출현빈도 정렬: [34, 18, 27, 43, 13, 17, 39, 1, 12, 40, 14, 33, 37, 10, 20, 4, 45, 2, 21, 31, 36, 3, 11, 15, 24, 44, 19, 26, 38, 7, 5, 8, 16, 42, 25, 6, 35, 28, 41, 29, 23, 30, 22, 32, 9]
사용한 3개 순위 패턴 10개: [(46, 46, 46), (4, 46, 46), (15, 17, 31), (13, 20, 37), (6, 30, 33), (9, 20, 33), (8, 21, 23), (5, 7, 12), (3, 28, 36), (13, 26, 36)]
예측 개수: 10


[997회차]
당첨번호: [4, 7, 14, 16, 24, 44], 보너스: 20
출현빈도 정렬: [34, 18, 27, 43, 13, 39, 17, 1, 12, 40, 14, 33, 37, 10, 20, 4, 45, 2, 21, 31, 11, 15, 24, 36, 3, 44, 19, 26, 38, 7, 5, 8, 16, 42, 25, 6, 35, 28, 41, 29, 23, 30, 22, 32, 9]
사용한 3개 순위 패턴 10개: [(46, 46, 46), (4, 46, 46), (15, 17, 31), (13, 20, 37), (6, 30, 33), (9, 20, 33), (8, 21, 23), (5, 7, 12), (3, 28, 36), (13, 26, 36)]
예측 개수: 10


[998회차]
당첨번호: [13, 17, 18, 20, 42, 45], 보너스: 41
출현빈도 정렬: [34, 18, 27, 43, 13, 39, 17, 1, 12, 40, 14, 33, 37, 4, 10, 20, 45, 2, 21, 24, 31, 11, 15, 36, 44, 3, 7, 19, 26, 38, 16, 5, 8, 42, 25, 6, 35, 28, 41, 29, 23, 30, 22, 32, 9]
사용한 3개 순위 패턴 10개: [(46, 46, 46), (4, 46, 46), (15, 17, 31), (13, 20, 37), (6, 30, 33), (9, 20, 33), (8, 21, 23), (5, 7, 12), (3, 28, 36), (13, 26, 36)]
예측 개수: 10


[999회차]
당첨번호: [1, 3, 9, 14, 18, 28], 보너스: 34
출현빈도 정렬: [34, 18, 27, 43, 13, 17, 39, 1, 12, 40, 14, 20, 33, 37, 4, 10, 45, 2, 21, 24, 31, 11, 15, 36, 44, 3, 7, 19, 26, 38, 16, 42, 5, 8, 25, 6, 35, 28, 41, 29, 23, 30, 22, 32, 9]
사용한 3개 순위 패턴 10개: [(46, 46, 46), (4, 46, 46), (15, 17, 31), (13, 20, 37), (6, 30, 33), (9, 20, 33), (8, 21, 23), (5, 7, 12), (3, 28, 36), (13, 26, 36)]
예측 개수: 10


[1000회차]
당첨번호: [2, 8, 19, 22, 32, 42], 보너스: 39
출현빈도 정렬: [34, 18, 27, 43, 13, 17, 39, 1, 12, 14, 40, 20, 33, 37, 4, 10, 45, 2, 21, 24, 31, 3, 11, 15, 36, 44, 7, 19, 26, 38, 16, 42, 5, 8, 25, 6, 28, 35, 41, 29, 23, 30, 22, 32, 9]
사용한 3개 순위 패턴 10개: [(46, 46, 46), (4, 46, 46), (15, 17, 31), (13, 20, 37), (6, 30, 33), (9, 20, 33), (8, 21, 23), (5, 7, 12), (3, 28, 36), (13, 26, 36)]
예측 개수: 10
