[1101회차]
당첨번호: [6, 7, 13, 28, 36, 42], 보너스: 41
출현빈도 정렬: [34, 18, 12, 45, 14, 27, 17, 43, 40, 13, 33, 20, 1, 37, 39, 11, 21, 3, 24, 26, 4, 7, 19, 31, 36, 38, 10, 15, 44, 16, 35, 6, 2, 8, 42, 5, 29, 25, 30, 23, 41, 28, 22, 32, 9]
사용한 3개 순위 패턴 10개: [(46, 46, 46), (4, 46, 46), (15, 17, 31), (13, 20, 37), (6, 30, 33), (13, 26, 36), (11, 33, 41), (3, 6, 26), (11, 28, 33), (9, 20, 33)]
예측 개수: 10


[1102회차]
당첨번호: [13, 14, 22, 26, 37, 38], 보너스: 20
출현빈도 정렬: [34, 18, 12, 45, 14, 27, 17, 43, 13, 40, 33, 20, 1, 37, 39, 11, 21, 3, 7, 24, 26, 36, 4, 19, 31, 38, 10, 15, 44, 16, 35, 6, 2, 42, 8, 5, 29, 25, 30, 23, 28, 41, 22, 32, 9]
사용한 3개 순위 패턴 10개: [(46, 46, 46), (4, 46, 46), (15, 17, 31), (13, 20, 37), (6, 30, 33), (13, 26, 36), (11, 33, 41), (3, 6, 26), (11, 28, 33), (9, 20, 33)]
예측 개수: 10


[1103회차]
당첨번호: [10, 12, 29, 31, 40, 44], 보너스: 2
출현빈도 정렬: [34, 18, 12, 14, 45, 27, 13, 17, 43, 40, 33, 20, 1, 37, 39, 11, 21, 26, 3, 7, 24, 36, 38, 4, 19, 31, 10, 15, 44, 16, 35, 6, 2, 42, 8, 5, 29, 25, 30, 23, 28, 41, 22, 32, 9]
사용한 3개 순위 패턴 10개: [(46, 46, 46), (4, 46, 46), (15, 17, 31), (13, 20, 37), (6, 30, 33), (13, 26, 36), (11, 33, 41), (3, 6, 26), (11, 28, 33), (9, 20, 33)]
예측 개수: 10


[1104회차]
당첨번호: [1, 7, 21, 30, 35, 38], 보너스: 2
출현빈도 정렬: [34, 18, 12, 14, 45, 27, 13, 17, 40, 43, 33, 20, 1, 37, 39, 11, 21, 26, 3, 7, 24, 31, 36, 38, 4, 10, 19, 44, 15, 16, 35, 6, 2, 42, 8, 5, 29, 25, 30, 23, 28, 41, 22, 32, 9]
사용한 3개 순위 패턴 10개: [(46, 46, 46), (4, 46, 46), (15, 17, 31), (13, 20, 37), (6, 30, 33), (13, 26, 36), (11, 33, 41), (3, 6, 26), (11, 28, 33), (9, 20, 33)]
예측 개수: 10


[1105회차]
당첨번호: [6, 16, 34, 37, 39, 40], 보너스: 11
출현빈도 정렬: [34, 18, 12, 14, 45, 27, 13, 17, 40, 43, 33, 1, 20, 37, 39, 21, 7, 11, 26, 38, 3, 24, 31, 36, 4, 10, 19, 44, 15, 35, 16, 6, 2, 42, 8, 5, 29, 25, 30, 23, 28, 41, 22, 32, 9]
사용한 3개 순위 패턴 10개: [(46, 46, 46), (4, 46, 46), (15, 17, 31), (13, 20, 37), (6, 30, 33), (13, 26, 36), (11, 33, 41), (3, 6, 26), (11, 28, 33), (9, 20, 33)]
예측 개수: 10


[1106회차]
당첨번호: [1, 3, 4, 29, 42, 45], 보너스: 36
출현빈도 정렬: [34, 18, 12, 14, 45, 27, 40, 13, 17, 43, 33, 1, 20, 37, 39, 21, 7, 11, 26, 38, 3, 24, 31, 36, 4, 10, 19, 44, 15, 16, 35, 6, 2, 42, 8, 5, 29, 25, 30, 23, 28, 41, 22, 32, 9]
사용한 3개 순위 패턴 10개: [(46, 46, 46), (4, 46, 46), (15, 17, 31), (13, 20, 37), (6, 30, 33), (13, 26, 36), (11, 33, 41), (3, 6, 26), (11, 28, 33), (9, 20, 33)]
예측 개수: 10


[1107회차]
당첨번호: [6, 14, 30, 31, 40, 41], 보너스: 29
출현빈도 정렬: [34, 18, 12, 45, 14, 27, 40, 13, 17, 43, 1, 33, 20, 37, 39, 21, 3, 7, 11, 26, 38, 4, 24, 31, 36, 10, 19, 44, 15, 16, 35, 6, 42, 2, 8, 5, 29, 25, 30, 23, 28, 41, 22, 32, 9]
사용한 3개 순위 패턴 10개: [(46, 46, 46), (4, 46, 46), (15, 17, 31), (13, 20, 37), (6, 30, 33), (13, 26, 36), (11, 33, 41), (3, 6, 26), (11, 28, 33), (9, 20, 33)]
예측 개수: 10


[1108회차]
당첨번호: [7, 19, 26, 37, 39, 44], 보너스: 27
출현빈도 정렬: [34, 18, 12, 14, 45, 27, 40, 13, 17, 43, 1, 33, 20, 37, 39, 21, 3, 7, 11, 26, 31, 38, 4, 24, 36, 10, 19, 44, 6, 15, 16, 35, 42, 2, 8, 5, 29, 30, 25, 41, 23, 28, 22, 32, 9]
사용한 3개 순위 패턴 10개: [(46, 46, 46), (4, 46, 46), (15, 17, 31), (13, 20, 37), (6, 30, 33), (13, 26, 36), (11, 33, 41), (3, 6, 26), (11, 28, 33), (9, 20, 33)]
예측 개수: 10


[1109회차]
당첨번호: [10, 12, 13, 19, 33, 40], 보너스: 2
출현빈도 정렬: [34, 18, 12, 14, 45, 27, 40, 13, 17, 43, 1, 33, 37, 20, 39, 7, 21, 26, 3, 11, 31, 38, 4, 19, 24, 36, 44, 10, 6, 15, 16, 35, 42, 2, 8, 5, 29, 30, 25, 41, 23, 28, 22, 32, 9]
사용한 3개 순위 패턴 10개: [(46, 46, 46), (4, 46, 46), (15, 17, 31), (13, 20, 37), (6, 30, 33), (13, 26, 36), (11, 33, 41), (3, 6, 26), (11, 28, 33), (9, 20, 33)]
예측 개수: 10


[1110회차]
당첨번호: [3, 7, 11, 20, 22, 41], 보너스: 24
출현빈도 정렬: [34, 18, 12, 14, 45, 40, 27, 13, 17, 43, 33, 1, 37, 20, 39, 7, 21, 26, 3, 11, 19, 31, 38, 4, 10, 24, 36, 44, 6, 15, 16, 35, 42, 2, 8, 5, 29, 30, 25, 41, 23, 28, 22, 32, 9]
사용한 3개 순위 패턴 10개: [(46, 46, 46), (4, 46, 46), (15, 17, 31), (13, 20, 37), (6, 30, 33), (13, 26, 36), (11, 33, 41), (3, 6, 26), (11, 28, 33), (9, 20, 33)]
예측 개수: 10


[1111회차]
당첨번호: [3, 13, 30, 33, 43, 45], 보너스: 4
출현빈도 정렬: [34, 18, 12, 14, 45, 40, 27, 13, 17, 43, 33, 1, 20, 37, 39, 7, 3, 11, 21, 26, 19, 31, 38, 4, 10, 24, 36, 44, 6, 15, 16, 35, 42, 2, 8, 5, 29, 30, 25, 41, 23, 28, 22, 32, 9]
사용한 3개 순위 패턴 10개: [(46, 46, 46), (4, 46, 46), (15, 17, 31), (13, 20, 37), (6, 30, 33), (13, 26, 36), (11, 33, 41), (3, 6, 26), (11, 28, 33), (9, 20, 33)]
예측 개수: 10


[1112회차]
당첨번호: [16, 20, 26, 36, 42, 44], 보너스: 24
출현빈도 정렬: [34, 18, 12, 45, 14, 40, 13, 27, 43, 17, 33, 1, 20, 37, 39, 3, 7, 11, 21, 26, 19, 31, 38, 4, 10, 24, 36, 44, 6, 15, 16, 35, 42, 2, 8, 5, 29, 30, 25, 41, 23, 28, 22, 32, 9]
사용한 3개 순위 패턴 10개: [(46, 46, 46), (4, 46, 46), (15, 17, 31), (13, 20, 37), (6, 30, 33), (13, 26, 36), (11, 33, 41), (3, 6, 26), (11, 28, 33), (9, 20, 33)]
예측 개수: 10


[1113회차]
당첨번호: [11, 13, 20, 21, 32, 44], 보너스: 8
출현빈도 정렬: [34, 18, 12, 45, 14, 40, 13, 27, 43, 17, 33, 20, 1, 37, 39, 3, 7, 26, 11, 21, 19, 31, 36, 38, 44, 4, 10, 24, 16, 6, 15, 35, 42, 2, 8, 5, 29, 30, 25, 41, 23, 28, 22, 32, 9]
사용한 3개 순위 패턴 10개: [(46, 46, 46), (4, 46, 46), (15, 17, 31), (13, 20, 37), (6, 30, 33), (13, 26, 36), (11, 33, 41), (3, 6, 26), (11, 28, 33), (9, 20, 33)]
예측 개수: 10


[1114회차]
당첨번호: [10, 16, 19, 32, 33, 38], 보너스: 3
출현빈도 정렬: [34, 18, 12, 45, 14, 13, 40, 27, 43, 17, 20, 33, 1, 37, 39, 3, 7, 11, 21, 26, 44, 19, 31, 36, 38, 4, 10, 24, 16, 6, 15, 35, 42, 2, 8, 5, 29, 30, 25, 41, 23, 28, 22, 32, 9]
사용한 3개 순위 패턴 10개: [(46, 46, 46), (4, 46, 46), (15, 17, 31), (13, 20, 37), (6, 30, 33), (13, 26, 36), (11, 33, 41), (3, 6, 26), (11, 28, 33), (9, 20, 33)]
예측 개수: 10


[1115회차]
당첨번호: [7, 12, 23, 32, 34, 36], 보너스: 8
출현빈도 정렬: [34, 18, 12, 45, 14, 13, 40, 27, 33, 43, 17, 20, 1, 37, 39, 3, 7, 11, 21, 26, 19, 38, 44, 10, 31, 36, 4, 16, 24, 6, 15, 35, 42, 2, 8, 5, 29, 30, 25, 41, 23, 28, 22, 32, 9]
사용한 3개 순위 패턴 10개: [(46, 46, 46), (4, 46, 46), (15, 17, 31), (13, 20, 37), (6, 30, 33), (13, 26, 36), (11, 33, 41), (3, 6, 26), (11, 28, 33), (9, 20, 33)]
예측 개수: 10


[1116회차]
당첨번호: [15, 16, 17, 25, 30, 31], 보너스: 32
출현빈도 정렬: [34, 18, 12, 45, 14, 13, 40, 27, 33, 43, 17, 20, 1, 37, 39, 7, 3, 11, 21, 26, 19, 36, 38, 44, 10, 31, 4, 16, 24, 6, 15, 35, 42, 2, 8, 5, 29, 30, 25, 41, 23, 28, 22, 32, 9]
사용한 3개 순위 패턴 10개: [(46, 46, 46), (4, 46, 46), (15, 17, 31), (13, 20, 37), (6, 30, 33), (13, 26, 36), (11, 33, 41), (3, 6, 26), (11, 28, 33), (9, 20, 33)]
예측 개수: 10


[1117회차]
당첨번호: [3, 4, 9, 30, 33, 36], 보너스: 7
출현빈도 정렬: [34, 18, 12, 45, 14, 13, 40, 27, 17, 33, 43, 20, 1, 37, 39, 7, 3, 11, 21, 26, 19, 31, 36, 38, 44, 10, 16, 4, 24, 15, 6, 35, 42, 2, 8, 5, 29, 30, 25, 41, 23, 28, 22, 32, 9]
사용한 3개 순위 패턴 10개: [(46, 46, 46), (4, 46, 46), (15, 17, 31), (13, 20, 37), (6, 30, 33), (13, 26, 36), (11, 33, 41), (3, 6, 26), (11, 28, 33), (9, 20, 33)]
예측 개수: 10


[1118회차]
당첨번호: [11, 13, 14, 15, 16, 45], 보너스: 3
출현빈도 정렬: [34, 18, 12, 45, 14, 13, 40, 27, 33, 17, 43, 20, 1, 37, 39, 3, 7, 11, 21, 26, 36, 19, 31, 38, 44, 4, 10, 16, 24, 15, 6, 35, 42, 2, 8, 30, 5, 29, 25, 41, 23, 28, 22, 32, 9]
사용한 3개 순위 패턴 10개: [(46, 46, 46), (4, 46, 46), (15, 17, 31), (13, 20, 37), (6, 30, 33), (13, 26, 36), (11, 33, 41), (3, 6, 26), (11, 28, 33), (9, 20, 33)]
예측 개수: 10


[1119회차]
당첨번호: [1, 9, 12, 13, 20, 45], 보너스: 3
출현빈도 정렬: [34, 18, 12, 45, 14, 13, 40, 27, 33, 17, 43, 20, 1, 37, 39, 3, 7, 11, 21, 26, 36, 16, 19, 31, 38, 44, 4, 10, 15, 24, 6, 35, 42, 2, 8, 30, 5, 29, 25, 41, 23, 28, 22, 32, 9]
사용한 3개 순위 패턴 10개: [(46, 46, 46), (4, 46, 46), (15, 17, 31), (13, 20, 37), (6, 30, 33), (13, 26, 36), (11, 33, 41), (3, 6, 26), (11, 28, 33), (9, 20, 33)]
예측 개수: 10


[1120회차]
당첨번호: [2, 19, 26, 31, 38, 41], 보너스: 34
출현빈도 정렬: [34, 18, 12, 45, 13, 14, 40, 27, 33, 17, 20, 43, 1, 37, 39, 3, 7, 11, 21, 26, 36, 16, 19, 31, 38, 44, 4, 10, 15, 24, 6, 35, 42, 2, 8, 30, 5, 29, 25, 41, 23, 28, 22, 32, 9]
사용한 3개 순위 패턴 10개: [(46, 46, 46), (4, 46, 46), (15, 17, 31), (13, 20, 37), (6, 30, 33), (13, 26, 36), (11, 33, 41), (3, 6, 26), (11, 28, 33), (9, 20, 33)]
예측 개수: 10


[1121회차]
당첨번호: [6, 24, 31, 32, 38, 44], 보너스: 8
출현빈도 정렬: [34, 18, 12, 45, 13, 14, 40, 27, 33, 17, 20, 43, 1, 37, 39, 3, 7, 11, 26, 19, 21, 31, 36, 38, 16, 44, 4, 10, 15, 24, 6, 35, 42, 2, 8, 30, 5, 29, 25, 41, 23, 28, 22, 32, 9]
사용한 3개 순위 패턴 10개: [(46, 46, 46), (4, 46, 46), (15, 17, 31), (13, 20, 37), (6, 30, 33), (13, 26, 36), (11, 33, 41), (3, 6, 26), (4, 12, 13), (11, 28, 33)]
예측 개수: 10


[1122회차]
당첨번호: [3, 6, 21, 30, 34, 35], 보너스: 22
출현빈도 정렬: [34, 18, 12, 45, 13, 14, 40, 27, 33, 17, 20, 43, 1, 37, 39, 3, 7, 11, 26, 31, 38, 19, 21, 36, 44, 16, 4, 10, 24, 15, 6, 35, 42, 2, 8, 30, 5, 29, 25, 41, 23, 28, 22, 32, 9]
사용한 3개 순위 패턴 10개: [(46, 46, 46), (4, 46, 46), (15, 17, 31), (13, 20, 37), (6, 30, 33), (13, 26, 36), (11, 33, 41), (3, 6, 26), (4, 12, 13), (11, 28, 33)]
예측 개수: 10


[1123회차]
당첨번호: [13, 19, 21, 24, 34, 35], 보너스: 26
출현빈도 정렬: [34, 18, 12, 45, 13, 14, 40, 27, 33, 17, 20, 43, 1, 37, 3, 39, 7, 11, 21, 26, 31, 38, 19, 36, 44, 16, 4, 10, 24, 6, 15, 35, 42, 2, 30, 8, 5, 29, 25, 41, 23, 28, 22, 32, 9]
사용한 3개 순위 패턴 10개: [(46, 46, 46), (4, 46, 46), (15, 17, 31), (13, 20, 37), (6, 30, 33), (13, 26, 36), (11, 33, 41), (3, 6, 26), (4, 12, 13), (11, 28, 33)]
예측 개수: 10


[1124회차]
당첨번호: [3, 8, 17, 30, 33, 34], 보너스: 28
출현빈도 정렬: [34, 18, 12, 45, 13, 14, 40, 27, 33, 17, 20, 43, 1, 37, 3, 21, 39, 7, 11, 19, 26, 31, 38, 36, 44, 16, 24, 4, 10, 6, 15, 35, 42, 2, 30, 8, 5, 29, 25, 41, 23, 28, 22, 32, 9]
사용한 3개 순위 패턴 10개: [(46, 46, 46), (4, 46, 46), (15, 17, 31), (13, 20, 37), (6, 30, 33), (13, 26, 36), (11, 33, 41), (3, 6, 26), (4, 12, 13), (11, 28, 33)]
예측 개수: 10


[1125회차]
당첨번호: [6, 14, 25, 33, 40, 44], 보너스: 30
출현빈도 정렬: [34, 18, 12, 45, 13, 14, 33, 40, 17, 27, 20, 43, 1, 3, 37, 21, 39, 7, 11, 19, 26, 31, 38, 36, 44, 16, 24, 4, 10, 6, 15, 35, 42, 2, 30, 8, 5, 29, 25, 41, 23, 28, 22, 32, 9]
사용한 3개 순위 패턴 10개: [(46, 46, 46), (4, 46, 46), (15, 17, 31), (13, 20, 37), (6, 30, 33), (13, 26, 36), (11, 33, 41), (3, 6, 26), (4, 12, 13), (11, 28, 33)]
예측 개수: 10


[1126회차]
당첨번호: [4, 5, 9, 11, 37, 40], 보너스: 7
출현빈도 정렬: [34, 18, 12, 45, 13, 14, 33, 40, 17, 27, 20, 43, 1, 3, 37, 21, 39, 7, 11, 19, 26, 31, 38, 44, 36, 16, 24, 4, 6, 10, 15, 35, 42, 2, 30, 8, 5, 29, 25, 41, 23, 28, 22, 32, 9]
사용한 3개 순위 패턴 10개: [(46, 46, 46), (4, 46, 46), (15, 17, 31), (13, 20, 37), (6, 30, 33), (13, 26, 36), (11, 33, 41), (3, 6, 26), (4, 12, 13), (11, 28, 33)]
예측 개수: 10


[1127회차]
당첨번호: [10, 15, 24, 30, 31, 37], 보너스: 32
출현빈도 정렬: [34, 18, 12, 45, 13, 14, 40, 33, 17, 27, 20, 43, 1, 37, 3, 11, 21, 39, 7, 19, 26, 31, 38, 44, 36, 4, 16, 24, 6, 10, 15, 35, 42, 2, 30, 8, 5, 29, 25, 41, 23, 28, 22, 32, 9]
사용한 3개 순위 패턴 10개: [(46, 46, 46), (4, 46, 46), (15, 17, 31), (13, 20, 37), (6, 30, 33), (13, 26, 36), (11, 33, 41), (3, 6, 26), (4, 12, 13), (11, 28, 33)]
예측 개수: 10


[1128회차]
당첨번호: [1, 5, 8, 16, 28, 33], 보너스: 45
출현빈도 정렬: [34, 18, 12, 45, 13, 14, 40, 33, 17, 27, 20, 43, 37, 1, 3, 11, 21, 31, 39, 7, 19, 26, 38, 44, 24, 36, 4, 10, 16, 6, 15, 35, 30, 42, 2, 8, 5, 29, 25, 41, 23, 28, 22, 32, 9]
사용한 3개 순위 패턴 10개: [(46, 46, 46), (4, 46, 46), (15, 17, 31), (13, 20, 37), (6, 30, 33), (13, 26, 36), (11, 33, 41), (3, 6, 26), (4, 12, 13), (11, 28, 33)]
예측 개수: 10


[1129회차]
당첨번호: [5, 10, 11, 17, 28, 34], 보너스: 22
출현빈도 정렬: [34, 18, 12, 45, 13, 14, 33, 40, 17, 27, 20, 43, 1, 37, 3, 11, 21, 31, 39, 7, 19, 26, 38, 44, 16, 24, 36, 4, 10, 6, 15, 35, 30, 42, 2, 8, 5, 29, 25, 41, 23, 28, 22, 32, 9]
사용한 3개 순위 패턴 10개: [(46, 46, 46), (4, 46, 46), (15, 17, 31), (13, 20, 37), (6, 30, 33), (13, 26, 36), (11, 33, 41), (3, 6, 26), (4, 12, 13), (11, 28, 33)]
예측 개수: 10


[1130회차]
당첨번호: [15, 19, 21, 25, 27, 28], 보너스: 40
출현빈도 정렬: [34, 18, 12, 45, 13, 14, 33, 40, 17, 27, 20, 43, 1, 37, 3, 11, 21, 31, 39, 7, 19, 26, 38, 44, 10, 16, 24, 36, 4, 6, 15, 35, 30, 42, 2, 5, 8, 29, 25, 41, 28, 23, 22, 32, 9]
사용한 3개 순위 패턴 10개: [(46, 46, 46), (4, 46, 46), (15, 17, 31), (13, 20, 37), (6, 30, 33), (13, 26, 36), (11, 33, 41), (3, 6, 26), (4, 12, 13), (11, 28, 33)]
예측 개수: 10


[1131회차]
당첨번호: [1, 2, 6, 14, 27, 38], 보너스: 33
출현빈도 정렬: [34, 18, 12, 45, 13, 14, 33, 40, 17, 27, 20, 43, 1, 37, 3, 11, 21, 19, 31, 39, 7, 26, 38, 44, 10, 16, 24, 36, 4, 15, 6, 35, 30, 42, 2, 5, 8, 25, 29, 28, 41, 23, 22, 32, 9]
사용한 3개 순위 패턴 10개: [(46, 46, 46), (4, 46, 46), (15, 17, 31), (13, 20, 37), (6, 30, 33), (13, 26, 36), (11, 33, 41), (3, 6, 26), (4, 12, 13), (11, 28, 33)]
예측 개수: 10


[1132회차]
당첨번호: [6, 7, 19, 28, 34, 41], 보너스: 5
출현빈도 정렬: [34, 18, 12, 14, 45, 13, 33, 40, 27, 17, 1, 20, 43, 37, 3, 11, 21, 19, 31, 38, 39, 7, 26, 44, 10, 16, 24, 36, 4, 6, 15, 35, 2, 30, 42, 5, 8, 25, 29, 28, 41, 23, 22, 32, 9]
사용한 3개 순위 패턴 10개: [(46, 46, 46), (4, 46, 46), (15, 17, 31), (13, 20, 37), (6, 30, 33), (13, 26, 36), (11, 33, 41), (3, 6, 26), (4, 12, 13), (11, 28, 33)]
예측 개수: 10


[1133회차]
당첨번호: [13, 14, 20, 28, 29, 34], 보너스: 23
출현빈도 정렬: [34, 18, 12, 14, 45, 13, 33, 40, 27, 17, 1, 20, 43, 37, 3, 11, 19, 21, 7, 31, 38, 39, 26, 44, 6, 10, 16, 24, 36, 4, 15, 35, 2, 30, 42, 5, 8, 25, 29, 28, 41, 23, 22, 32, 9]
사용한 3개 순위 패턴 10개: [(46, 46, 46), (4, 46, 46), (15, 17, 31), (13, 20, 37), (6, 30, 33), (13, 26, 36), (11, 33, 41), (3, 6, 26), (4, 12, 13), (11, 28, 33)]
예측 개수: 10


[1134회차]
당첨번호: [3, 7, 9, 13, 19, 24], 보너스: 23
출현빈도 정렬: [34, 18, 12, 14, 13, 45, 33, 40, 27, 17, 20, 1, 43, 37, 3, 11, 19, 21, 7, 31, 38, 39, 26, 44, 6, 10, 16, 24, 36, 4, 15, 35, 2, 30, 42, 5, 8, 29, 25, 28, 41, 23, 22, 32, 9]
사용한 3개 순위 패턴 10개: [(46, 46, 46), (4, 46, 46), (15, 17, 31), (13, 20, 37), (6, 30, 33), (13, 26, 36), (11, 33, 41), (3, 6, 26), (4, 12, 13), (11, 28, 33)]
예측 개수: 10


[1135회차]
당첨번호: [1, 6, 13, 19, 21, 33], 보너스: 4
출현빈도 정렬: [34, 18, 12, 13, 14, 45, 33, 40, 27, 17, 20, 1, 43, 37, 3, 19, 7, 11, 21, 31, 38, 39, 24, 26, 44, 6, 10, 16, 36, 4, 15, 35, 2, 30, 42, 5, 8, 29, 25, 28, 41, 23, 22, 32, 9]
사용한 3개 순위 패턴 10개: [(46, 46, 46), (4, 46, 46), (15, 17, 31), (13, 20, 37), (6, 30, 33), (13, 26, 36), (11, 33, 41), (3, 6, 26), (4, 12, 13), (11, 28, 33)]
예측 개수: 10


[1136회차]
당첨번호: [21, 33, 35, 38, 42, 44], 보너스: 1
출현빈도 정렬: [34, 13, 18, 12, 14, 45, 33, 40, 27, 17, 1, 20, 43, 19, 37, 3, 21, 7, 11, 31, 38, 39, 6, 24, 26, 44, 10, 16, 36, 4, 15, 35, 2, 30, 42, 5, 8, 29, 25, 28, 41, 23, 22, 32, 9]
사용한 3개 순위 패턴 10개: [(46, 46, 46), (4, 46, 46), (15, 17, 31), (13, 20, 37), (6, 30, 33), (13, 26, 36), (11, 33, 41), (3, 6, 26), (4, 12, 13), (11, 28, 33)]
예측 개수: 10


[1137회차]
당첨번호: [4, 9, 12, 15, 33, 45], 보너스: 26
출현빈도 정렬: [34, 13, 18, 12, 14, 33, 45, 40, 27, 17, 1, 20, 43, 19, 21, 37, 3, 7, 11, 38, 31, 39, 44, 6, 24, 26, 10, 16, 36, 4, 15, 35, 42, 2, 30, 5, 8, 29, 25, 28, 41, 23, 22, 32, 9]
사용한 3개 순위 패턴 10개: [(46, 46, 46), (4, 46, 46), (15, 17, 31), (13, 20, 37), (6, 30, 33), (13, 26, 36), (11, 33, 41), (3, 6, 26), (4, 12, 13), (11, 28, 33)]
예측 개수: 10


[1138회차]
당첨번호: [14, 16, 19, 20, 29, 34], 보너스: 35
출현빈도 정렬: [34, 12, 13, 18, 14, 33, 45, 40, 27, 17, 1, 20, 43, 19, 21, 37, 3, 7, 11, 38, 31, 39, 44, 6, 24, 26, 4, 10, 15, 16, 36, 35, 42, 2, 30, 5, 8, 29, 25, 28, 41, 23, 22, 32, 9]
사용한 3개 순위 패턴 10개: [(46, 46, 46), (4, 46, 46), (15, 17, 31), (13, 20, 37), (6, 30, 33), (13, 26, 36), (11, 33, 41), (3, 6, 26), (4, 12, 13), (11, 28, 33)]
예측 개수: 10


[1139회차]
당첨번호: [5, 12, 15, 30, 37, 40], 보너스: 18
출현빈도 정렬: [34, 12, 13, 14, 18, 33, 45, 40, 27, 17, 20, 1, 19, 43, 21, 37, 3, 7, 11, 38, 31, 39, 44, 6, 16, 24, 26, 4, 10, 15, 36, 35, 42, 2, 30, 5, 8, 29, 25, 28, 41, 23, 22, 32, 9]
사용한 3개 순위 패턴 10개: [(46, 46, 46), (4, 46, 46), (15, 17, 31), (13, 20, 37), (6, 30, 33), (13, 26, 36), (11, 33, 41), (3, 6, 26), (4, 12, 13), (11, 28, 33)]
예측 개수: 10


[1140회차]
당첨번호: [7, 10, 22, 29, 31, 38], 보너스: 15
출현빈도 정렬: [34, 12, 13, 14, 18, 33, 45, 40, 27, 17, 20, 1, 19, 37, 43, 21, 3, 7, 11, 38, 31, 39, 44, 6, 15, 16, 24, 26, 4, 10, 36, 35, 30, 42, 2, 5, 8, 29, 25, 28, 41, 23, 22, 32, 9]
사용한 3개 순위 패턴 10개: [(46, 46, 46), (4, 46, 46), (15, 17, 31), (13, 20, 37), (6, 30, 33), (13, 26, 36), (11, 33, 41), (5, 12, 38), (3, 6, 26), (4, 12, 13)]
예측 개수: 10


[1141회차]
당첨번호: [7, 11, 12, 21, 26, 35], 보너스: 20
출현빈도 정렬: [34, 12, 13, 14, 18, 33, 45, 40, 27, 17, 20, 1, 19, 37, 43, 21, 3, 7, 38, 11, 31, 39, 44, 6, 10, 15, 16, 24, 26, 4, 36, 35, 30, 42, 2, 5, 8, 29, 25, 28, 41, 23, 22, 32, 9]
사용한 3개 순위 패턴 10개: [(46, 46, 46), (4, 46, 46), (15, 17, 31), (13, 20, 37), (6, 30, 33), (13, 26, 36), (11, 33, 41), (5, 12, 38), (3, 6, 26), (4, 12, 13)]
예측 개수: 10


[1142회차]
당첨번호: [2, 8, 28, 30, 37, 41], 보너스: 22
출현빈도 정렬: [34, 12, 13, 14, 18, 33, 45, 40, 27, 17, 20, 1, 19, 21, 37, 43, 7, 3, 11, 38, 31, 26, 39, 44, 6, 10, 15, 16, 24, 4, 36, 35, 30, 42, 2, 5, 8, 29, 25, 28, 41, 23, 22, 32, 9]
사용한 3개 순위 패턴 10개: [(46, 46, 46), (4, 46, 46), (15, 17, 31), (13, 20, 37), (6, 30, 33), (13, 26, 36), (11, 33, 41), (5, 12, 38), (3, 6, 26), (4, 12, 13)]
예측 개수: 10


[1143회차]
당첨번호: [10, 16, 17, 27, 28, 36], 보너스: 6
출현빈도 정렬: [34, 12, 13, 14, 18, 33, 45, 40, 27, 17, 20, 1, 37, 19, 21, 43, 7, 3, 11, 38, 31, 26, 39, 44, 6, 10, 15, 16, 24, 4, 36, 35, 30, 2, 42, 5, 8, 29, 28, 25, 41, 23, 22, 32, 9]
사용한 3개 순위 패턴 10개: [(46, 46, 46), (4, 46, 46), (15, 17, 31), (13, 20, 37), (6, 30, 33), (13, 26, 36), (11, 33, 41), (5, 12, 38), (3, 6, 26), (4, 12, 13)]
예측 개수: 10


[1144회차]
당첨번호: [3, 4, 12, 15, 26, 34], 보너스: 6
출현빈도 정렬: [34, 12, 13, 14, 18, 33, 45, 40, 27, 17, 20, 1, 37, 19, 21, 43, 7, 3, 11, 38, 31, 10, 16, 26, 39, 44, 6, 15, 24, 36, 4, 35, 30, 2, 42, 5, 8, 29, 28, 25, 41, 23, 22, 32, 9]
사용한 3개 순위 패턴 10개: [(46, 46, 46), (4, 46, 46), (15, 17, 31), (13, 20, 37), (6, 30, 33), (13, 26, 36), (11, 33, 41), (5, 12, 38), (3, 6, 26), (4, 12, 13)]
예측 개수: 10


[1145회차]
당첨번호: [2, 11, 31, 33, 37, 44], 보너스: 32
출현빈도 정렬: [34, 12, 13, 14, 18, 33, 45, 40, 27, 17, 20, 1, 37, 19, 21, 43, 3, 7, 11, 38, 26, 31, 10, 15, 16, 39, 44, 4, 6, 24, 36, 35, 30, 2, 42, 5, 8, 29, 28, 25, 41, 23, 22, 32, 9]
사용한 3개 순위 패턴 10개: [(46, 46, 46), (4, 46, 46), (15, 17, 31), (13, 20, 37), (6, 30, 33), (13, 26, 36), (11, 33, 41), (5, 12, 38), (3, 6, 26), (4, 12, 13)]
예측 개수: 10


[1146회차]
당첨번호: [6, 11, 17, 19, 40, 43], 보너스: 28
출현빈도 정렬: [34, 12, 13, 14, 18, 33, 45, 40, 27, 17, 20, 37, 1, 19, 21, 43, 3, 7, 11, 31, 38, 26, 44, 10, 15, 16, 39, 4, 6, 24, 36, 35, 2, 30, 42, 5, 8, 29, 28, 25, 41, 23, 22, 32, 9]
사용한 3개 순위 패턴 10개: [(46, 46, 46), (4, 46, 46), (15, 17, 31), (13, 20, 37), (6, 30, 33), (13, 26, 36), (11, 33, 41), (5, 12, 38), (3, 6, 26), (4, 12, 13)]
예측 개수: 10


[1147회차]
당첨번호: [7, 11, 24, 26, 27, 37], 보너스: 32
출현빈도 정렬: [34, 12, 13, 14, 18, 33, 45, 40, 17, 27, 20, 37, 1, 19, 43, 11, 21, 3, 7, 31, 38, 26, 44, 6, 10, 15, 16, 39, 4, 24, 36, 35, 2, 30, 42, 5, 8, 29, 28, 25, 41, 23, 22, 32, 9]
사용한 3개 순위 패턴 10개: [(46, 46, 46), (4, 46, 46), (15, 17, 31), (13, 20, 37), (6, 30, 33), (13, 26, 36), (11, 33, 41), (5, 12, 38), (3, 6, 26), (4, 12, 13)]
예측 개수: 10


[1148회차]
당첨번호: [3, 6, 13, 15, 16, 22], 보너스: 32
출현빈도 정렬: [34, 12, 13, 14, 18, 33, 45, 40, 27, 17, 37, 20, 1, 11, 19, 43, 7, 21, 3, 26, 31, 38, 44, 6, 10, 15, 16, 24, 39, 4, 36, 35, 2, 30, 42, 5, 8, 29, 28, 25, 41, 23, 22, 32, 9]
사용한 3개 순위 패턴 10개: [(46, 46, 46), (4, 46, 46), (15, 17, 31), (13, 20, 37), (6, 30, 33), (13, 26, 36), (11, 33, 41), (5, 12, 38), (3, 6, 26), (4, 12, 13)]
예측 개수: 10


[1149회차]
당첨번호: [8, 15, 19, 21, 32, 36], 보너스: 38
출현빈도 정렬: [34, 12, 13, 14, 18, 33, 45, 40, 27, 17, 37, 20, 1, 11, 19, 43, 3, 7, 21, 26, 31, 38, 6, 15, 16, 44, 10, 24, 39, 4, 36, 35, 2, 30, 42, 5, 8, 29, 28, 25, 41, 22, 23, 32, 9]
사용한 3개 순위 패턴 10개: [(46, 46, 46), (4, 46, 46), (15, 17, 31), (13, 20, 37), (6, 30, 33), (13, 26, 36), (11, 33, 41), (5, 12, 38), (3, 6, 26), (4, 12, 13)]
예측 개수: 10


[1150회차]
당첨번호: [8, 9, 18, 35, 39, 45], 보너스: 25
출현빈도 정렬: [34, 12, 13, 14, 18, 33, 45, 40, 27, 17, 37, 19, 20, 1, 11, 21, 43, 3, 7, 15, 26, 31, 38, 6, 16, 44, 10, 24, 36, 39, 4, 35, 2, 30, 8, 42, 5, 29, 28, 25, 41, 22, 23, 32, 9]
사용한 3개 순위 패턴 10개: [(46, 46, 46), (4, 46, 46), (15, 17, 31), (13, 20, 37), (6, 30, 33), (13, 26, 36), (11, 33, 41), (5, 12, 38), (3, 6, 26), (4, 12, 13)]
예측 개수: 10


[1151회차]
당첨번호: [2, 3, 9, 15, 27, 29], 보너스: 8
출현빈도 정렬: [34, 12, 13, 18, 14, 33, 45, 40, 27, 17, 37, 19, 20, 1, 11, 21, 43, 3, 7, 15, 26, 31, 38, 6, 16, 39, 44, 10, 24, 36, 4, 35, 2, 8, 30, 42, 5, 29, 28, 25, 41, 22, 23, 32, 9]
사용한 3개 순위 패턴 10개: [(46, 46, 46), (4, 46, 46), (15, 17, 31), (13, 20, 37), (6, 30, 33), (13, 26, 36), (11, 33, 41), (5, 12, 38), (3, 6, 26), (4, 12, 13)]
예측 개수: 10


[1152회차]
당첨번호: [30, 31, 32, 35, 36, 37], 보너스: 5
출현빈도 정렬: [34, 12, 13, 18, 14, 33, 45, 27, 40, 17, 37, 19, 20, 1, 3, 11, 21, 43, 7, 15, 26, 31, 38, 6, 16, 39, 44, 10, 24, 36, 4, 35, 2, 8, 30, 42, 5, 29, 28, 25, 41, 22, 23, 32, 9]
사용한 3개 순위 패턴 10개: [(46, 46, 46), (4, 46, 46), (15, 17, 31), (13, 20, 37), (6, 30, 33), (13, 26, 36), (11, 33, 41), (5, 12, 38), (3, 6, 26), (4, 12, 13)]
예측 개수: 10


[1153회차]
당첨번호: [1, 9, 10, 13, 35, 44], 보너스: 5
출현빈도 정렬: [34, 12, 13, 18, 14, 33, 45, 27, 40, 17, 37, 19, 20, 1, 3, 11, 21, 43, 7, 15, 31, 26, 38, 6, 16, 36, 39, 44, 10, 24, 4, 35, 2, 30, 8, 42, 5, 29, 28, 25, 41, 22, 23, 32, 9]
사용한 3개 순위 패턴 10개: [(46, 46, 46), (4, 46, 46), (15, 17, 31), (13, 20, 37), (6, 30, 33), (9, 20, 33), (13, 26, 36), (11, 33, 41), (5, 12, 38), (3, 6, 26)]
예측 개수: 10


[1154회차]
당첨번호: [4, 8, 22, 26, 32, 38], 보너스: 27
출현빈도 정렬: [34, 12, 13, 18, 14, 33, 45, 27, 40, 17, 37, 1, 19, 20, 3, 11, 21, 43, 7, 15, 31, 26, 38, 44, 6, 10, 16, 36, 39, 24, 35, 4, 2, 30, 8, 42, 5, 29, 28, 25, 41, 22, 23, 32, 9]
사용한 3개 순위 패턴 10개: [(46, 46, 46), (4, 46, 46), (15, 17, 31), (13, 20, 37), (6, 30, 33), (9, 20, 33), (13, 26, 36), (11, 33, 41), (5, 12, 38), (3, 6, 26)]
예측 개수: 10


[1155회차]
당첨번호: [10, 16, 19, 27, 37, 38], 보너스: 13
출현빈도 정렬: [34, 12, 13, 18, 14, 33, 45, 27, 40, 17, 37, 1, 19, 20, 3, 11, 21, 43, 7, 15, 26, 31, 38, 44, 6, 10, 16, 36, 39, 4, 24, 35, 2, 8, 30, 42, 5, 29, 28, 25, 41, 22, 23, 32, 9]
사용한 3개 순위 패턴 10개: [(46, 46, 46), (4, 46, 46), (15, 17, 31), (13, 20, 37), (6, 30, 33), (9, 20, 33), (13, 26, 36), (11, 33, 41), (5, 12, 38), (3, 6, 26)]
예측 개수: 10


[1156회차]
당첨번호: [30, 31, 34, 39, 41, 45], 보너스: 7
출현빈도 정렬: [34, 12, 13, 18, 14, 33, 45, 27, 40, 37, 17, 19, 1, 20, 3, 11, 21, 43, 7, 38, 15, 26, 31, 10, 16, 44, 6, 36, 39, 4, 24, 35, 2, 8, 30, 42, 5, 29, 28, 25, 41, 22, 23, 32, 9]
사용한 3개 순위 패턴 10개: [(46, 46, 46), (4, 46, 46), (15, 17, 31), (13, 20, 37), (6, 30, 33), (9, 20, 33), (13, 26, 36), (11, 33, 41), (5, 12, 38), (3, 6, 26)]
예측 개수: 10


[1157회차]
당첨번호: [5, 7, 12, 20, 25, 26], 보너스: 28
출현빈도 정렬: [34, 12, 13, 18, 45, 14, 33, 27, 40, 37, 17, 19, 1, 20, 3, 11, 21, 43, 7, 31, 38, 15, 26, 10, 16, 39, 44, 6, 36, 4, 24, 35, 30, 2, 8, 42, 5, 29, 28, 41, 25, 22, 23, 32, 9]
사용한 3개 순위 패턴 10개: [(46, 46, 46), (4, 46, 46), (15, 17, 31), (13, 20, 37), (6, 30, 33), (9, 20, 33), (13, 26, 36), (11, 33, 41), (5, 12, 38), (3, 6, 26)]
예측 개수: 10


[1158회차]
당첨번호: [21, 25, 27, 32, 37, 38], 보너스: 20
출현빈도 정렬: [34, 12, 13, 18, 45, 14, 33, 27, 40, 37, 17, 19, 20, 1, 3, 7, 11, 21, 43, 26, 31, 38, 15, 10, 16, 39, 44, 6, 36, 4, 24, 35, 30, 2, 8, 5, 42, 29, 28, 25, 41, 22, 23, 32, 9]
사용한 3개 순위 패턴 10개: [(46, 46, 46), (4, 46, 46), (15, 17, 31), (13, 20, 37), (6, 30, 33), (9, 20, 33), (13, 26, 36), (11, 33, 41), (5, 12, 38), (3, 6, 26)]
예측 개수: 10


[1159회차]
당첨번호: [3, 9, 27, 28, 38, 39], 보너스: 7
출현빈도 정렬: [34, 12, 13, 18, 45, 14, 27, 33, 37, 40, 17, 19, 20, 1, 21, 3, 7, 11, 38, 43, 26, 31, 15, 10, 16, 39, 44, 6, 36, 4, 24, 35, 30, 2, 8, 5, 42, 29, 25, 28, 41, 22, 32, 23, 9]
사용한 3개 순위 패턴 10개: [(46, 46, 46), (4, 46, 46), (15, 17, 31), (13, 20, 37), (6, 30, 33), (9, 20, 33), (13, 26, 36), (11, 33, 41), (5, 12, 38), (3, 6, 26)]
예측 개수: 10


[1160회차]
당첨번호: [7, 13, 18, 36, 39, 45], 보너스: 19
출현빈도 정렬: [34, 12, 13, 18, 27, 45, 14, 33, 37, 40, 17, 19, 20, 1, 3, 21, 38, 7, 11, 43, 26, 31, 15, 39, 10, 16, 44, 6, 36, 4, 24, 35, 30, 2, 8, 5, 42, 29, 28, 25, 41, 22, 32, 23, 9]
사용한 3개 순위 패턴 10개: [(46, 46, 46), (4, 46, 46), (15, 17, 31), (13, 20, 37), (6, 30, 33), (9, 20, 33), (13, 26, 36), (11, 33, 41), (5, 12, 38), (3, 6, 26)]
예측 개수: 10


[1161회차]
당첨번호: [2, 12, 20, 24, 34, 42], 보너스: 37
출현빈도 정렬: [34, 12, 13, 18, 45, 27, 14, 33, 37, 40, 17, 19, 20, 1, 3, 7, 21, 38, 11, 43, 26, 31, 39, 15, 10, 16, 36, 44, 6, 4, 24, 35, 30, 2, 8, 5, 42, 29, 28, 25, 41, 22, 32, 23, 9]
사용한 3개 순위 패턴 10개: [(46, 46, 46), (4, 46, 46), (15, 17, 31), (13, 20, 37), (6, 30, 33), (9, 20, 33), (13, 26, 36), (11, 33, 41), (5, 12, 38), (3, 6, 26)]
예측 개수: 10


[1162회차]
당첨번호: [20, 21, 22, 25, 28, 29], 보너스: 6
출현빈도 정렬: [34, 12, 13, 18, 45, 27, 14, 33, 37, 40, 17, 20, 19, 1, 3, 7, 21, 38, 11, 43, 26, 31, 39, 15, 10, 16, 36, 44, 6, 24, 4, 35, 2, 30, 8, 42, 5, 29, 28, 25, 41, 22, 32, 23, 9]
사용한 3개 순위 패턴 10개: [(46, 46, 46), (4, 46, 46), (15, 17, 31), (13, 20, 37), (6, 30, 33), (9, 20, 33), (13, 26, 36), (11, 33, 41), (5, 12, 38), (3, 6, 26)]
예측 개수: 10


[1163회차]
당첨번호: [2, 13, 15, 16, 33, 43], 보너스: 4
출현빈도 정렬: [34, 12, 13, 18, 45, 27, 14, 33, 37, 40, 20, 17, 19, 21, 1, 3, 7, 38, 11, 43, 26, 31, 39, 15, 10, 16, 36, 44, 6, 24, 4, 35, 2, 30, 8, 42, 5, 29, 28, 25, 41, 22, 32, 23, 9]
사용한 3개 순위 패턴 10개: [(46, 46, 46), (4, 46, 46), (15, 17, 31), (13, 20, 37), (6, 30, 33), (9, 20, 33), (13, 26, 36), (11, 33, 41), (5, 12, 38), (3, 6, 26)]
예측 개수: 10


[1164회차]
당첨번호: [17, 18, 23, 25, 38, 39], 보너스: 22
출현빈도 정렬: [34, 12, 13, 18, 45, 27, 33, 14, 37, 40, 20, 17, 19, 21, 1, 3, 7, 38, 43, 11, 15, 26, 31, 39, 16, 10, 36, 44, 6, 24, 4, 35, 2, 30, 8, 42, 5, 29, 28, 25, 41, 22, 32, 23, 9]
사용한 3개 순위 패턴 10개: [(46, 46, 46), (4, 46, 46), (15, 17, 31), (13, 20, 37), (6, 30, 33), (9, 20, 33), (13, 26, 36), (11, 33, 41), (5, 12, 38), (3, 6, 26)]
예측 개수: 10


[1165회차]
당첨번호: [6, 7, 27, 29, 38, 45], 보너스: 17
출현빈도 정렬: [34, 12, 13, 18, 45, 27, 33, 14, 37, 40, 17, 20, 19, 21, 38, 1, 3, 7, 43, 11, 39, 15, 26, 31, 16, 10, 36, 44, 6, 24, 4, 35, 2, 30, 8, 42, 5, 29, 25, 28, 41, 22, 23, 32, 9]
사용한 3개 순위 패턴 10개: [(46, 46, 46), (4, 46, 46), (15, 17, 31), (13, 20, 37), (6, 30, 33), (9, 20, 33), (13, 26, 36), (11, 33, 41), (5, 12, 38), (3, 6, 26)]
예측 개수: 10


[1166회차]
당첨번호: [14, 23, 25, 27, 29, 42], 보너스: 16
출현빈도 정렬: [34, 12, 13, 18, 45, 27, 33, 14, 37, 40, 17, 20, 38, 7, 19, 21, 1, 3, 43, 11, 39, 15, 26, 31, 16, 6, 10, 36, 44, 24, 4, 35, 2, 30, 8, 29, 42, 5, 25, 28, 41, 22, 23, 32, 9]
사용한 3개 순위 패턴 10개: [(46, 46, 46), (4, 46, 46), (15, 17, 31), (13, 20, 37), (6, 30, 33), (9, 20, 33), (13, 26, 36), (11, 33, 41), (5, 12, 38), (3, 6, 26)]
예측 개수: 10


[1167회차]
당첨번호: [8, 23, 31, 35, 39, 40], 보너스: 24
출현빈도 정렬: [34, 12, 13, 18, 27, 45, 14, 33, 37, 40, 17, 20, 38, 7, 19, 21, 1, 3, 43, 11, 39, 15, 26, 31, 16, 6, 10, 36, 44, 24, 4, 35, 2, 30, 8, 29, 42, 5, 25, 28, 41, 22, 23, 32, 9]
사용한 3개 순위 패턴 10개: [(46, 46, 46), (4, 46, 46), (15, 17, 31), (13, 20, 37), (6, 30, 33), (9, 20, 33), (13, 26, 36), (11, 33, 41), (5, 12, 38), (3, 6, 26)]
예측 개수: 10


[1168회차]
당첨번호: [9, 21, 24, 30, 33, 37], 보너스: 29
출현빈도 정렬: [34, 12, 13, 18, 27, 45, 14, 33, 40, 37, 17, 20, 38, 7, 19, 21, 1, 3, 39, 43, 11, 31, 15, 26, 16, 6, 10, 36, 44, 24, 35, 4, 2, 8, 30, 29, 42, 5, 25, 28, 41, 23, 22, 32, 9]
사용한 3개 순위 패턴 10개: [(46, 46, 46), (4, 46, 46), (15, 17, 31), (13, 20, 37), (6, 30, 33), (9, 20, 33), (13, 26, 36), (11, 33, 41), (5, 12, 38), (3, 6, 26)]
예측 개수: 10


[1169회차]
당첨번호: [5, 12, 24, 26, 39, 42], 보너스: 20
출현빈도 정렬: [34, 12, 13, 18, 27, 45, 33, 14, 37, 40, 17, 20, 21, 38, 7, 19, 1, 3, 39, 43, 11, 31, 15, 26, 16, 6, 10, 24, 36, 44, 35, 4, 2, 30, 8, 29, 42, 5, 25, 28, 41, 23, 22, 32, 9]
사용한 3개 순위 패턴 10개: [(46, 46, 46), (4, 46, 46), (15, 17, 31), (13, 20, 37), (6, 30, 33), (9, 20, 33), (13, 26, 36), (11, 33, 41), (5, 12, 38), (3, 6, 26)]
예측 개수: 10


[1170회차]
당첨번호: [3, 13, 28, 34, 38, 42], 보너스: 25
출현빈도 정렬: [34, 12, 13, 18, 27, 45, 33, 14, 37, 40, 17, 20, 21, 38, 7, 19, 39, 1, 3, 43, 11, 26, 31, 15, 16, 24, 6, 10, 36, 44, 35, 4, 2, 30, 8, 42, 29, 5, 25, 28, 41, 23, 22, 32, 9]
사용한 3개 순위 패턴 10개: [(46, 46, 46), (4, 46, 46), (15, 17, 31), (13, 20, 37), (6, 30, 33), (9, 20, 33), (13, 26, 36), (11, 33, 41), (5, 12, 38), (3, 6, 26)]
예측 개수: 10
