[801회차]
당첨번호: [17, 25, 28, 37, 43, 44], 보너스: 2
출현빈도 정렬: [34, 27, 20, 40, 1, 17, 37, 10, 4, 8, 12, 14, 45, 5, 7, 19, 11, 15, 18, 33, 43, 13, 31, 2, 24, 3, 26, 36, 39, 44, 21, 6, 25, 16, 38, 41, 35, 42, 29, 23, 28, 30, 32, 22, 9]
사용한 3개 순위 패턴 10개: [(46, 46, 46), (4, 46, 46), (15, 17, 31), (8, 21, 23), (6, 24, 33), (13, 20, 37), (9, 18, 41), (2, 10, 14), (6, 30, 33), (9, 20, 33)]
예측 개수: 10


[802회차]
당첨번호: [10, 11, 12, 18, 24, 42], 보너스: 27
출현빈도 정렬: [34, 27, 20, 40, 17, 1, 37, 10, 4, 8, 12, 14, 45, 5, 7, 19, 43, 11, 15, 18, 33, 13, 31, 2, 24, 3, 26, 36, 39, 44, 21, 6, 25, 16, 38, 41, 35, 42, 29, 23, 28, 30, 32, 22, 9]
사용한 3개 순위 패턴 10개: [(46, 46, 46), (4, 46, 46), (15, 17, 31), (8, 21, 23), (6, 24, 33), (13, 20, 37), (9, 18, 41), (2, 10, 14), (6, 30, 33), (9, 20, 33)]
예측 개수: 10


[803회차]
당첨번호: [5, 9, 14, 26, 30, 43], 보너스: 2
출현빈도 정렬: [34, 27, 20, 40, 17, 1, 37, 10, 12, 4, 8, 14, 45, 5, 7, 11, 18, 19, 43, 15, 33, 13, 24, 31, 2, 3, 26, 36, 39, 44, 21, 6, 25, 16, 38, 41, 42, 35, 29, 23, 28, 30, 32, 22, 9]
사용한 3개 순위 패턴 10개: [(46, 46, 46), (4, 46, 46), (15, 17, 31), (6, 30, 33), (8, 21, 23), (6, 24, 33), (13, 20, 37), (9, 18, 41), (2, 10, 14), (9, 20, 33)]
예측 개수: 10


[804회차]
당첨번호: [1, 10, 13, 26, 32, 36], 보너스: 9
출현빈도 정렬: [34, 27, 20, 40, 17, 1, 37, 10, 12, 14, 4, 5, 8, 43, 45, 7, 11, 18, 19, 15, 33, 13, 24, 31, 2, 26, 3, 36, 39, 44, 21, 6, 25, 16, 38, 41, 42, 35, 29, 23, 28, 30, 32, 22, 9]
사용한 3개 순위 패턴 10개: [(46, 46, 46), (4, 46, 46), (15, 17, 31), (6, 30, 33), (8, 21, 23), (6, 24, 33), (13, 20, 37), (9, 18, 41), (2, 10, 14), (9, 20, 33)]
예측 개수: 10


[805회차]
당첨번호: [3, 12, 13, 18, 31, 32], 보너스: 42
출현빈도 정렬: [34, 27, 20, 40, 1, 17, 10, 37, 12, 14, 4, 5, 8, 43, 45, 7, 11, 18, 19, 13, 15, 33, 24, 26, 31, 2, 36, 3, 39, 44, 21, 6, 25, 16, 38, 41, 42, 35, 29, 23, 28, 30, 32, 22, 9]
사용한 3개 순위 패턴 10개: [(46, 46, 46), (4, 46, 46), (15, 17, 31), (6, 30, 33), (8, 21, 23), (6, 24, 33), (13, 20, 37), (9, 18, 41), (2, 10, 14), (9, 20, 33)]
예측 개수: 10


[806회차]
당첨번호: [14, 20, 23, 31, 37, 38], 보너스: 27
출현빈도 정렬: [34, 27, 20, 40, 1, 17, 10, 37, 12, 14, 4, 5, 8, 18, 43, 45, 7, 11, 13, 19, 15, 33, 31, 24, 26, 2, 3, 36, 39, 44, 21, 6, 25, 16, 38, 41, 42, 35, 29, 23, 28, 30, 32, 22, 9]
사용한 3개 순위 패턴 10개: [(46, 46, 46), (4, 46, 46), (15, 17, 31), (6, 30, 33), (8, 21, 23), (6, 24, 33), (13, 20, 37), (9, 18, 41), (2, 10, 14), (9, 20, 33)]
예측 개수: 10


[807회차]
당첨번호: [6, 10, 18, 25, 34, 35], 보너스: 33
출현빈도 정렬: [34, 27, 20, 40, 1, 17, 37, 10, 12, 14, 4, 5, 8, 18, 43, 45, 7, 11, 13, 19, 15, 31, 33, 24, 26, 2, 3, 36, 39, 44, 21, 6, 25, 38, 16, 41, 42, 35, 23, 29, 28, 30, 32, 22, 9]
사용한 3개 순위 패턴 10개: [(46, 46, 46), (4, 46, 46), (15, 17, 31), (6, 30, 33), (8, 21, 23), (6, 24, 33), (13, 20, 37), (9, 18, 41), (2, 10, 14), (9, 20, 33)]
예측 개수: 10


[808회차]
당첨번호: [15, 21, 31, 32, 41, 43], 보너스: 24
출현빈도 정렬: [34, 27, 20, 40, 1, 17, 10, 37, 12, 14, 18, 4, 5, 8, 43, 45, 7, 11, 13, 19, 15, 31, 33, 24, 26, 2, 3, 36, 39, 44, 6, 21, 25, 38, 16, 35, 41, 42, 23, 29, 28, 30, 32, 22, 9]
사용한 3개 순위 패턴 10개: [(46, 46, 46), (4, 46, 46), (15, 17, 31), (6, 30, 33), (8, 21, 23), (6, 24, 33), (13, 20, 37), (9, 18, 41), (2, 10, 14), (9, 20, 33)]
예측 개수: 10


[809회차]
당첨번호: [6, 11, 15, 17, 23, 40], 보너스: 39
출현빈도 정렬: [34, 27, 20, 40, 1, 17, 10, 37, 12, 14, 18, 43, 4, 5, 8, 45, 7, 11, 13, 15, 19, 31, 33, 24, 26, 2, 3, 36, 39, 44, 21, 6, 25, 38, 41, 16, 35, 42, 23, 29, 28, 30, 32, 22, 9]
사용한 3개 순위 패턴 10개: [(46, 46, 46), (4, 46, 46), (15, 17, 31), (6, 30, 33), (8, 21, 23), (6, 24, 33), (13, 20, 37), (9, 18, 41), (2, 10, 14), (9, 20, 33)]
예측 개수: 10


[810회차]
당첨번호: [5, 10, 13, 21, 39, 43], 보너스: 11
출현빈도 정렬: [34, 27, 20, 40, 17, 1, 10, 37, 12, 14, 18, 43, 4, 5, 8, 11, 15, 45, 7, 13, 19, 31, 33, 24, 26, 2, 3, 36, 39, 44, 6, 21, 25, 38, 41, 16, 35, 42, 23, 29, 28, 30, 32, 22, 9]
사용한 3개 순위 패턴 10개: [(46, 46, 46), (4, 46, 46), (15, 17, 31), (6, 30, 33), (8, 21, 23), (6, 24, 33), (13, 20, 37), (9, 18, 41), (2, 10, 14), (9, 20, 33)]
예측 개수: 10


[811회차]
당첨번호: [8, 11, 19, 21, 36, 45], 보너스: 25
출현빈도 정렬: [34, 27, 20, 40, 17, 1, 10, 37, 12, 14, 43, 5, 18, 4, 8, 11, 13, 15, 45, 7, 19, 31, 33, 24, 26, 2, 3, 36, 39, 21, 44, 6, 25, 38, 41, 16, 35, 42, 23, 29, 28, 30, 32, 22, 9]
사용한 3개 순위 패턴 10개: [(46, 46, 46), (4, 46, 46), (15, 17, 31), (6, 30, 33), (8, 21, 23), (6, 24, 33), (13, 20, 37), (9, 18, 41), (2, 10, 14), (9, 20, 33)]
예측 개수: 10


[812회차]
당첨번호: [1, 3, 12, 14, 16, 43], 보너스: 10
출현빈도 정렬: [34, 27, 20, 40, 17, 1, 10, 37, 12, 14, 43, 5, 8, 11, 18, 45, 4, 13, 15, 19, 7, 31, 33, 24, 26, 36, 2, 3, 21, 39, 44, 6, 25, 38, 41, 16, 35, 42, 23, 29, 28, 30, 32, 22, 9]
사용한 3개 순위 패턴 10개: [(46, 46, 46), (4, 46, 46), (15, 17, 31), (6, 30, 33), (8, 21, 23), (6, 24, 33), (13, 20, 37), (9, 18, 41), (2, 10, 14), (9, 20, 33)]
예측 개수: 10


[813회차]
당첨번호: [11, 30, 34, 35, 42, 44], 보너스: 27
출현빈도 정렬: [34, 27, 20, 40, 1, 17, 10, 37, 12, 14, 43, 5, 8, 11, 18, 45, 4, 13, 15, 19, 7, 31, 33, 3, 24, 26, 36, 2, 21, 39, 44, 6, 25, 16, 38, 41, 35, 42, 23, 29, 28, 30, 32, 22, 9]
사용한 3개 순위 패턴 10개: [(46, 46, 46), (4, 46, 46), (15, 17, 31), (6, 30, 33), (8, 21, 23), (6, 24, 33), (13, 20, 37), (9, 18, 41), (2, 10, 14), (9, 20, 33)]
예측 개수: 10


[814회차]
당첨번호: [2, 21, 28, 38, 42, 45], 보너스: 30
출현빈도 정렬: [34, 27, 20, 40, 1, 17, 10, 37, 12, 14, 43, 11, 5, 8, 18, 45, 4, 13, 15, 19, 7, 31, 33, 3, 24, 26, 36, 2, 21, 39, 44, 6, 25, 16, 35, 38, 41, 42, 23, 29, 30, 28, 32, 22, 9]
사용한 3개 순위 패턴 10개: [(46, 46, 46), (4, 46, 46), (15, 17, 31), (6, 30, 33), (8, 21, 23), (6, 24, 33), (13, 20, 37), (9, 18, 41), (2, 10, 14), (9, 20, 33)]
예측 개수: 10


[815회차]
당첨번호: [17, 21, 25, 26, 27, 36], 보너스: 4
출현빈도 정렬: [34, 27, 20, 40, 1, 17, 10, 37, 12, 14, 43, 11, 45, 5, 8, 18, 4, 13, 15, 19, 7, 31, 33, 2, 3, 21, 24, 26, 36, 39, 44, 6, 25, 38, 42, 16, 35, 41, 23, 29, 28, 30, 32, 22, 9]
사용한 3개 순위 패턴 10개: [(46, 46, 46), (4, 46, 46), (15, 17, 31), (6, 30, 33), (8, 21, 23), (6, 24, 33), (13, 20, 37), (9, 18, 41), (2, 10, 14), (9, 20, 33)]
예측 개수: 10


[816회차]
당첨번호: [12, 18, 19, 29, 31, 39], 보너스: 7
출현빈도 정렬: [34, 27, 20, 40, 17, 1, 10, 37, 12, 14, 43, 11, 45, 5, 8, 18, 4, 13, 15, 19, 7, 31, 33, 21, 26, 36, 2, 3, 24, 39, 44, 6, 25, 38, 42, 16, 35, 41, 23, 29, 28, 30, 32, 22, 9]
사용한 3개 순위 패턴 10개: [(46, 46, 46), (4, 46, 46), (15, 17, 31), (6, 30, 33), (8, 21, 23), (6, 24, 33), (13, 20, 37), (9, 18, 41), (2, 10, 14), (9, 20, 33)]
예측 개수: 10


[817회차]
당첨번호: [3, 9, 12, 13, 25, 43], 보너스: 34
출현빈도 정렬: [34, 27, 20, 40, 17, 1, 10, 12, 37, 14, 43, 11, 18, 45, 5, 8, 19, 4, 13, 15, 31, 7, 33, 21, 26, 36, 2, 3, 24, 39, 44, 6, 25, 38, 42, 16, 35, 41, 23, 29, 28, 30, 32, 22, 9]
사용한 3개 순위 패턴 10개: [(46, 46, 46), (4, 46, 46), (15, 17, 31), (6, 30, 33), (8, 21, 23), (6, 24, 33), (13, 20, 37), (9, 18, 41), (2, 10, 14), (9, 20, 33)]
예측 개수: 10


[818회차]
당첨번호: [14, 15, 25, 28, 29, 30], 보너스: 3
출현빈도 정렬: [34, 27, 20, 40, 17, 1, 10, 12, 37, 43, 14, 11, 18, 45, 5, 8, 13, 19, 4, 15, 31, 7, 33, 3, 21, 26, 36, 2, 24, 39, 44, 25, 6, 38, 42, 16, 35, 41, 23, 29, 28, 30, 32, 22, 9]
사용한 3개 순위 패턴 10개: [(46, 46, 46), (4, 46, 46), (15, 17, 31), (6, 30, 33), (8, 21, 23), (6, 24, 33), (13, 20, 37), (9, 18, 41), (2, 10, 14), (9, 20, 33)]
예측 개수: 10


[819회차]
당첨번호: [16, 25, 33, 38, 40, 45], 보너스: 15
출현빈도 정렬: [34, 27, 20, 40, 17, 1, 10, 12, 14, 37, 43, 11, 18, 45, 5, 8, 13, 15, 19, 4, 31, 7, 33, 3, 21, 26, 36, 2, 24, 39, 25, 44, 6, 38, 42, 16, 35, 41, 29, 23, 28, 30, 32, 22, 9]
사용한 3개 순위 패턴 10개: [(46, 46, 46), (4, 46, 46), (15, 17, 31), (6, 30, 33), (8, 21, 23), (6, 24, 33), (13, 20, 37), (9, 18, 41), (2, 10, 14), (9, 20, 33)]
예측 개수: 10


[820회차]
당첨번호: [10, 21, 22, 30, 35, 42], 보너스: 6
출현빈도 정렬: [34, 27, 40, 20, 17, 1, 10, 12, 14, 37, 43, 45, 11, 18, 5, 8, 13, 15, 19, 4, 31, 7, 33, 3, 21, 26, 36, 2, 24, 25, 39, 44, 6, 38, 16, 42, 35, 41, 29, 23, 28, 30, 32, 22, 9]
사용한 3개 순위 패턴 10개: [(46, 46, 46), (4, 46, 46), (15, 17, 31), (6, 30, 33), (8, 21, 23), (6, 24, 33), (13, 20, 37), (9, 18, 41), (2, 10, 14), (9, 20, 33)]
예측 개수: 10


[821회차]
당첨번호: [1, 12, 13, 24, 29, 44], 보너스: 16
출현빈도 정렬: [34, 27, 40, 20, 17, 1, 10, 12, 14, 37, 43, 45, 11, 18, 5, 8, 13, 15, 19, 4, 31, 7, 33, 21, 3, 26, 36, 2, 24, 25, 39, 44, 6, 38, 42, 16, 35, 41, 29, 23, 30, 28, 32, 22, 9]
사용한 3개 순위 패턴 10개: [(46, 46, 46), (4, 46, 46), (15, 17, 31), (6, 30, 33), (8, 21, 23), (6, 24, 33), (13, 20, 37), (9, 18, 41), (2, 10, 14), (9, 20, 33)]
예측 개수: 10


[822회차]
당첨번호: [9, 18, 20, 24, 27, 36], 보너스: 12
출현빈도 정렬: [34, 27, 40, 20, 1, 17, 10, 12, 14, 37, 43, 45, 11, 13, 18, 5, 8, 15, 19, 4, 31, 7, 33, 21, 3, 24, 26, 36, 2, 25, 39, 44, 6, 38, 42, 16, 35, 41, 29, 23, 30, 28, 32, 22, 9]
사용한 3개 순위 패턴 10개: [(46, 46, 46), (4, 46, 46), (15, 17, 31), (6, 30, 33), (8, 21, 23), (6, 24, 33), (13, 20, 37), (9, 18, 41), (2, 10, 14), (9, 20, 33)]
예측 개수: 10


[823회차]
당첨번호: [12, 18, 24, 26, 39, 40], 보너스: 15
출현빈도 정렬: [34, 27, 20, 40, 1, 17, 10, 12, 14, 37, 43, 18, 45, 11, 13, 5, 8, 15, 19, 4, 31, 7, 33, 21, 24, 36, 3, 26, 2, 25, 39, 44, 6, 38, 42, 16, 35, 41, 29, 23, 30, 28, 32, 22, 9]
사용한 3개 순위 패턴 10개: [(46, 46, 46), (4, 46, 46), (15, 17, 31), (6, 30, 33), (8, 21, 23), (6, 24, 33), (13, 20, 37), (9, 18, 41), (2, 10, 14), (9, 20, 33)]
예측 개수: 10


[824회차]
당첨번호: [7, 9, 24, 29, 34, 38], 보너스: 26
출현빈도 정렬: [34, 27, 40, 20, 1, 12, 17, 10, 14, 18, 37, 43, 45, 11, 13, 5, 8, 15, 19, 4, 31, 7, 24, 33, 21, 26, 36, 3, 39, 2, 25, 44, 6, 38, 42, 16, 35, 41, 29, 23, 30, 28, 32, 22, 9]
사용한 3개 순위 패턴 10개: [(46, 46, 46), (4, 46, 46), (15, 17, 31), (6, 30, 33), (8, 21, 23), (6, 24, 33), (13, 20, 37), (9, 18, 41), (2, 10, 14), (9, 20, 33)]
예측 개수: 10


[825회차]
당첨번호: [8, 15, 21, 31, 33, 38], 보너스: 42
출현빈도 정렬: [34, 27, 40, 20, 1, 12, 17, 10, 14, 18, 37, 43, 45, 11, 13, 5, 8, 15, 19, 4, 7, 24, 31, 33, 21, 26, 36, 3, 39, 2, 25, 44, 6, 38, 42, 16, 35, 29, 41, 23, 30, 28, 32, 22, 9]
사용한 3개 순위 패턴 10개: [(46, 46, 46), (4, 46, 46), (15, 17, 31), (6, 30, 33), (8, 21, 23), (6, 24, 33), (13, 20, 37), (9, 18, 41), (2, 10, 14), (9, 20, 33)]
예측 개수: 10


[826회차]
당첨번호: [13, 16, 24, 25, 33, 36], 보너스: 42
출현빈도 정렬: [34, 27, 40, 20, 1, 12, 17, 10, 14, 18, 37, 43, 45, 8, 11, 13, 15, 5, 19, 31, 4, 7, 24, 33, 21, 26, 36, 3, 39, 2, 25, 44, 6, 38, 42, 16, 35, 29, 41, 23, 30, 28, 32, 22, 9]
사용한 3개 순위 패턴 10개: [(46, 46, 46), (4, 46, 46), (15, 17, 31), (6, 30, 33), (8, 21, 23), (6, 24, 33), (13, 20, 37), (9, 18, 41), (2, 10, 14), (9, 20, 33)]
예측 개수: 10


[827회차]
당첨번호: [5, 11, 12, 29, 33, 44], 보너스: 14
출현빈도 정렬: [34, 27, 40, 20, 1, 12, 17, 10, 14, 18, 37, 43, 13, 45, 8, 11, 15, 5, 19, 24, 31, 33, 4, 7, 21, 36, 26, 3, 25, 39, 2, 44, 6, 38, 16, 42, 35, 29, 41, 23, 30, 28, 32, 22, 9]
사용한 3개 순위 패턴 10개: [(46, 46, 46), (4, 46, 46), (15, 17, 31), (6, 30, 33), (8, 21, 23), (6, 24, 33), (13, 20, 37), (9, 18, 41), (2, 10, 14), (9, 20, 33)]
예측 개수: 10


[828회차]
당첨번호: [4, 7, 13, 29, 31, 39], 보너스: 18
출현빈도 정렬: [34, 27, 40, 20, 12, 1, 17, 10, 14, 18, 37, 43, 11, 13, 45, 5, 8, 15, 33, 19, 24, 31, 4, 7, 21, 36, 26, 3, 25, 39, 44, 2, 6, 38, 16, 42, 29, 35, 41, 23, 30, 28, 32, 22, 9]
사용한 3개 순위 패턴 10개: [(46, 46, 46), (4, 46, 46), (15, 17, 31), (6, 30, 33), (8, 21, 23), (6, 24, 33), (13, 20, 37), (24, 31, 36), (9, 18, 41), (2, 10, 14)]
예측 개수: 10


[829회차]
당첨번호: [4, 5, 31, 35, 43, 45], 보너스: 29
출현빈도 정렬: [34, 27, 40, 20, 12, 1, 17, 10, 13, 14, 18, 37, 43, 11, 45, 5, 8, 15, 31, 33, 4, 7, 19, 24, 21, 36, 26, 39, 3, 25, 44, 2, 6, 38, 16, 29, 42, 35, 41, 23, 30, 28, 32, 22, 9]
사용한 3개 순위 패턴 10개: [(46, 46, 46), (4, 46, 46), (15, 17, 31), (6, 30, 33), (8, 21, 23), (6, 24, 33), (13, 20, 37), (24, 31, 36), (9, 18, 41), (2, 10, 14)]
예측 개수: 10


[830회차]
당첨번호: [5, 6, 16, 18, 37, 38], 보너스: 17
출현빈도 정렬: [34, 27, 40, 20, 12, 1, 17, 10, 43, 13, 14, 18, 37, 45, 5, 11, 31, 4, 8, 15, 33, 7, 19, 24, 21, 36, 26, 39, 3, 25, 44, 2, 6, 38, 16, 29, 35, 42, 41, 23, 30, 28, 32, 22, 9]
사용한 3개 순위 패턴 10개: [(46, 46, 46), (4, 46, 46), (15, 17, 31), (6, 30, 33), (8, 21, 23), (6, 24, 33), (13, 20, 37), (24, 31, 36), (9, 18, 41), (2, 10, 14)]
예측 개수: 10


[831회차]
당첨번호: [3, 10, 16, 19, 31, 39], 보너스: 9
출현빈도 정렬: [34, 27, 40, 20, 12, 1, 17, 10, 18, 37, 43, 5, 13, 14, 45, 11, 31, 4, 8, 15, 33, 7, 19, 24, 21, 36, 26, 39, 3, 25, 44, 2, 6, 38, 16, 29, 35, 42, 41, 23, 30, 28, 32, 22, 9]
사용한 3개 순위 패턴 10개: [(46, 46, 46), (4, 46, 46), (15, 17, 31), (6, 30, 33), (8, 21, 23), (6, 24, 33), (13, 20, 37), (24, 31, 36), (9, 18, 41), (2, 10, 14)]
예측 개수: 10


[832회차]
당첨번호: [13, 14, 19, 26, 40, 43], 보너스: 30
출현빈도 정렬: [34, 27, 40, 20, 12, 1, 10, 17, 18, 37, 43, 5, 13, 14, 31, 45, 11, 4, 8, 15, 19, 33, 7, 24, 21, 36, 39, 3, 26, 25, 44, 2, 6, 38, 16, 29, 35, 42, 41, 23, 30, 28, 32, 22, 9]
사용한 3개 순위 패턴 10개: [(46, 46, 46), (4, 46, 46), (15, 17, 31), (6, 30, 33), (8, 21, 23), (6, 24, 33), (13, 20, 37), (24, 31, 36), (9, 18, 41), (2, 10, 14)]
예측 개수: 10


[833회차]
당첨번호: [12, 18, 30, 39, 41, 42], 보너스: 19
출현빈도 정렬: [34, 27, 40, 20, 12, 1, 10, 17, 43, 13, 14, 18, 37, 5, 31, 45, 11, 19, 4, 8, 15, 33, 7, 24, 21, 26, 36, 39, 3, 25, 44, 2, 6, 38, 16, 29, 35, 42, 41, 23, 30, 28, 32, 22, 9]
사용한 3개 순위 패턴 10개: [(46, 46, 46), (4, 46, 46), (15, 17, 31), (6, 30, 33), (8, 21, 23), (6, 24, 33), (13, 20, 37), (24, 31, 36), (9, 18, 41), (2, 10, 14)]
예측 개수: 10


[834회차]
당첨번호: [6, 8, 18, 35, 42, 43], 보너스: 3
출현빈도 정렬: [34, 27, 40, 20, 12, 1, 10, 17, 18, 43, 13, 14, 37, 5, 31, 45, 11, 19, 4, 8, 15, 33, 7, 24, 39, 21, 26, 36, 3, 25, 44, 2, 6, 38, 16, 42, 29, 35, 41, 30, 23, 28, 32, 22, 9]
사용한 3개 순위 패턴 10개: [(46, 46, 46), (4, 46, 46), (15, 17, 31), (6, 30, 33), (8, 21, 23), (6, 24, 33), (13, 20, 37), (24, 31, 36), (9, 18, 41), (2, 10, 14)]
예측 개수: 10


[835회차]
당첨번호: [9, 10, 13, 28, 38, 45], 보너스: 35
출현빈도 정렬: [34, 27, 40, 20, 12, 1, 10, 17, 18, 43, 13, 14, 37, 5, 31, 45, 8, 11, 19, 4, 15, 33, 7, 24, 39, 21, 26, 36, 3, 25, 44, 2, 6, 38, 16, 42, 35, 29, 41, 30, 23, 28, 32, 22, 9]
사용한 3개 순위 패턴 10개: [(46, 46, 46), (4, 46, 46), (15, 17, 31), (6, 30, 33), (8, 21, 23), (6, 24, 33), (5, 12, 38), (13, 20, 37), (24, 31, 36), (9, 18, 41)]
예측 개수: 10


[836회차]
당첨번호: [1, 9, 11, 14, 26, 28], 보너스: 19
출현빈도 정렬: [34, 27, 40, 20, 12, 10, 1, 17, 18, 43, 13, 14, 37, 45, 5, 31, 8, 11, 19, 4, 15, 33, 7, 24, 39, 21, 26, 36, 3, 25, 44, 2, 6, 38, 16, 42, 35, 29, 41, 30, 23, 28, 32, 22, 9]
사용한 3개 순위 패턴 10개: [(46, 46, 46), (4, 46, 46), (15, 17, 31), (6, 30, 33), (9, 20, 33), (8, 21, 23), (6, 24, 33), (5, 12, 38), (13, 20, 37), (24, 31, 36)]
예측 개수: 10


[837회차]
당첨번호: [2, 25, 28, 30, 33, 45], 보너스: 6
출현빈도 정렬: [34, 27, 40, 20, 12, 1, 10, 17, 18, 43, 13, 14, 37, 45, 5, 11, 31, 8, 19, 4, 15, 33, 7, 24, 26, 39, 21, 36, 3, 25, 44, 2, 6, 38, 16, 42, 35, 29, 41, 28, 30, 23, 32, 22, 9]
사용한 3개 순위 패턴 10개: [(46, 46, 46), (4, 46, 46), (15, 17, 31), (6, 30, 33), (9, 20, 33), (8, 21, 23), (6, 24, 33), (5, 12, 38), (13, 20, 37), (24, 31, 36)]
예측 개수: 10


[838회차]
당첨번호: [9, 14, 17, 33, 36, 38], 보너스: 20
출현빈도 정렬: [34, 27, 40, 20, 12, 1, 10, 17, 18, 43, 13, 14, 45, 37, 5, 11, 31, 8, 19, 33, 4, 15, 7, 24, 26, 39, 21, 36, 3, 25, 2, 44, 6, 38, 16, 42, 35, 29, 41, 28, 30, 23, 32, 22, 9]
사용한 3개 순위 패턴 10개: [(46, 46, 46), (4, 46, 46), (15, 17, 31), (6, 30, 33), (9, 20, 33), (8, 21, 23), (6, 24, 33), (5, 12, 38), (13, 20, 37), (24, 31, 36)]
예측 개수: 10


[839회차]
당첨번호: [3, 9, 11, 12, 13, 19], 보너스: 35
출현빈도 정렬: [34, 27, 40, 20, 12, 1, 10, 17, 14, 18, 43, 13, 45, 37, 5, 11, 31, 33, 8, 19, 4, 15, 7, 24, 26, 36, 39, 21, 3, 25, 2, 44, 38, 6, 16, 42, 35, 29, 41, 28, 30, 23, 32, 22, 9]
사용한 3개 순위 패턴 10개: [(46, 46, 46), (4, 46, 46), (15, 17, 31), (6, 30, 33), (9, 20, 33), (8, 21, 23), (6, 24, 33), (5, 12, 38), (13, 20, 37), (24, 31, 36)]
예측 개수: 10


[840회차]
당첨번호: [2, 4, 11, 28, 29, 43], 보너스: 27
출현빈도 정렬: [34, 27, 40, 12, 20, 1, 10, 17, 13, 14, 18, 43, 45, 11, 37, 5, 19, 31, 33, 8, 4, 15, 7, 24, 26, 36, 39, 3, 21, 25, 2, 44, 38, 6, 16, 42, 35, 29, 41, 28, 30, 23, 32, 22, 9]
사용한 3개 순위 패턴 10개: [(46, 46, 46), (4, 46, 46), (15, 17, 31), (6, 30, 33), (9, 20, 33), (8, 21, 23), (6, 24, 33), (5, 12, 38), (13, 20, 37), (24, 31, 36)]
예측 개수: 10


[841회차]
당첨번호: [5, 11, 14, 30, 33, 38], 보너스: 24
출현빈도 정렬: [34, 27, 40, 12, 20, 1, 10, 17, 43, 13, 14, 18, 11, 45, 37, 5, 19, 31, 33, 4, 8, 15, 7, 24, 26, 36, 39, 3, 21, 2, 25, 44, 38, 6, 16, 42, 29, 35, 41, 28, 30, 23, 32, 22, 9]
사용한 3개 순위 패턴 10개: [(46, 46, 46), (4, 46, 46), (15, 17, 31), (6, 30, 33), (9, 20, 33), (8, 21, 23), (6, 24, 33), (5, 12, 38), (13, 20, 37), (24, 31, 36)]
예측 개수: 10


[842회차]
당첨번호: [14, 26, 32, 36, 39, 42], 보너스: 38
출현빈도 정렬: [34, 27, 40, 12, 20, 1, 10, 14, 17, 43, 11, 13, 18, 45, 5, 33, 37, 19, 31, 4, 8, 15, 7, 24, 26, 36, 39, 3, 21, 2, 25, 38, 44, 6, 16, 42, 29, 35, 41, 28, 30, 23, 32, 22, 9]
사용한 3개 순위 패턴 10개: [(46, 46, 46), (4, 46, 46), (15, 17, 31), (6, 30, 33), (9, 20, 33), (8, 21, 23), (6, 24, 33), (5, 12, 38), (13, 20, 37), (24, 31, 36)]
예측 개수: 10


[843회차]
당첨번호: [19, 21, 30, 33, 34, 42], 보너스: 4
출현빈도 정렬: [34, 27, 40, 12, 20, 14, 1, 10, 17, 43, 11, 13, 18, 45, 5, 33, 37, 19, 31, 4, 8, 15, 7, 24, 26, 36, 39, 3, 21, 2, 25, 38, 44, 6, 42, 16, 29, 35, 41, 28, 30, 23, 32, 22, 9]
사용한 3개 순위 패턴 10개: [(46, 46, 46), (4, 46, 46), (15, 17, 31), (6, 30, 33), (9, 20, 33), (8, 21, 23), (6, 24, 33), (5, 12, 38), (13, 20, 37), (24, 31, 36)]
예측 개수: 10


[844회차]
당첨번호: [7, 8, 13, 15, 33, 45], 보너스: 18
출현빈도 정렬: [34, 27, 40, 12, 20, 14, 1, 10, 17, 43, 11, 13, 18, 33, 45, 5, 19, 37, 31, 4, 8, 15, 7, 24, 26, 36, 39, 21, 3, 2, 25, 38, 44, 6, 42, 16, 29, 35, 30, 41, 28, 23, 32, 22, 9]
사용한 3개 순위 패턴 10개: [(46, 46, 46), (4, 46, 46), (15, 17, 31), (6, 30, 33), (9, 20, 33), (8, 21, 23), (6, 24, 33), (5, 12, 38), (13, 20, 37), (24, 31, 36)]
예측 개수: 10


[845회차]
당첨번호: [1, 16, 29, 33, 40, 45], 보너스: 6
출현빈도 정렬: [34, 27, 40, 12, 20, 14, 1, 10, 13, 17, 43, 11, 18, 33, 45, 5, 19, 37, 8, 31, 4, 15, 7, 24, 26, 36, 39, 21, 3, 2, 25, 38, 44, 6, 42, 16, 29, 35, 30, 41, 28, 23, 32, 22, 9]
사용한 3개 순위 패턴 10개: [(46, 46, 46), (4, 46, 46), (15, 17, 31), (6, 30, 33), (9, 20, 33), (8, 21, 23), (6, 24, 33), (5, 12, 38), (13, 20, 37), (24, 31, 36)]
예측 개수: 10


[846회차]
당첨번호: [5, 18, 30, 41, 43, 45], 보너스: 13
출현빈도 정렬: [34, 27, 40, 12, 20, 1, 14, 10, 13, 17, 33, 43, 45, 11, 18, 5, 19, 37, 8, 31, 4, 15, 7, 24, 26, 36, 39, 21, 3, 2, 25, 38, 44, 6, 42, 16, 29, 35, 30, 41, 28, 23, 32, 22, 9]
사용한 3개 순위 패턴 10개: [(46, 46, 46), (4, 46, 46), (15, 17, 31), (6, 30, 33), (9, 20, 33), (8, 21, 23), (6, 24, 33), (5, 12, 38), (12, 21, 23), (13, 20, 37)]
예측 개수: 10


[847회차]
당첨번호: [12, 16, 26, 28, 30, 42], 보너스: 22
출현빈도 정렬: [34, 27, 40, 12, 20, 1, 14, 43, 45, 10, 13, 17, 18, 33, 11, 5, 19, 37, 8, 31, 4, 15, 7, 24, 26, 36, 39, 21, 3, 2, 25, 38, 44, 6, 42, 16, 29, 35, 30, 41, 28, 23, 32, 22, 9]
사용한 3개 순위 패턴 10개: [(46, 46, 46), (4, 46, 46), (15, 17, 31), (6, 30, 33), (9, 20, 33), (8, 21, 23), (6, 24, 33), (5, 12, 38), (12, 21, 23), (13, 20, 37)]
예측 개수: 10


[848회차]
당첨번호: [1, 2, 16, 22, 38, 39], 보너스: 34
출현빈도 정렬: [34, 27, 40, 12, 20, 1, 14, 43, 45, 10, 13, 17, 18, 33, 11, 5, 19, 37, 8, 31, 4, 15, 7, 26, 24, 36, 39, 21, 3, 2, 25, 38, 44, 42, 6, 16, 29, 30, 35, 41, 28, 23, 32, 22, 9]
사용한 3개 순위 패턴 10개: [(46, 46, 46), (4, 46, 46), (15, 17, 31), (6, 30, 33), (9, 20, 33), (8, 21, 23), (6, 24, 33), (5, 12, 38), (12, 21, 23), (13, 20, 37)]
예측 개수: 10


[849회차]
당첨번호: [5, 13, 17, 29, 34, 39], 보너스: 3
출현빈도 정렬: [34, 27, 40, 12, 1, 20, 14, 43, 45, 10, 13, 17, 18, 33, 11, 5, 19, 37, 8, 31, 4, 15, 7, 26, 39, 24, 36, 21, 2, 3, 25, 38, 44, 16, 42, 6, 29, 30, 35, 41, 28, 23, 32, 22, 9]
사용한 3개 순위 패턴 10개: [(46, 46, 46), (4, 46, 46), (15, 17, 31), (6, 30, 33), (9, 20, 33), (8, 21, 23), (6, 24, 33), (5, 12, 38), (12, 21, 23), (13, 20, 37)]
예측 개수: 10


[850회차]
당첨번호: [16, 20, 24, 28, 36, 39], 보너스: 5
출현빈도 정렬: [34, 27, 40, 12, 1, 20, 13, 14, 17, 43, 45, 10, 18, 33, 5, 11, 19, 37, 8, 31, 4, 15, 39, 7, 26, 24, 36, 21, 2, 3, 25, 38, 44, 16, 42, 6, 29, 30, 35, 41, 28, 23, 32, 22, 9]
사용한 3개 순위 패턴 10개: [(46, 46, 46), (4, 46, 46), (15, 17, 31), (6, 30, 33), (9, 20, 33), (8, 21, 23), (6, 24, 33), (5, 12, 38), (12, 21, 23), (13, 20, 37)]
예측 개수: 10


[851회차]
당첨번호: [14, 18, 22, 26, 31, 44], 보너스: 40
출현빈도 정렬: [34, 27, 40, 12, 20, 1, 13, 14, 17, 43, 45, 10, 18, 33, 5, 11, 19, 37, 8, 31, 39, 4, 15, 7, 24, 26, 36, 21, 2, 3, 25, 38, 16, 44, 42, 6, 29, 30, 35, 28, 41, 23, 32, 22, 9]
사용한 3개 순위 패턴 10개: [(46, 46, 46), (4, 46, 46), (15, 17, 31), (6, 30, 33), (9, 20, 33), (8, 21, 23), (6, 24, 33), (5, 12, 38), (12, 21, 23), (13, 20, 37)]
예측 개수: 10


[852회차]
당첨번호: [11, 17, 28, 30, 33, 35], 보너스: 9
출현빈도 정렬: [34, 27, 40, 12, 20, 1, 14, 13, 17, 18, 43, 45, 10, 33, 5, 11, 19, 31, 37, 8, 39, 4, 15, 26, 7, 24, 36, 21, 2, 3, 25, 38, 44, 16, 42, 6, 29, 30, 35, 28, 41, 23, 32, 22, 9]
사용한 3개 순위 패턴 10개: [(46, 46, 46), (4, 46, 46), (15, 17, 31), (6, 30, 33), (9, 20, 33), (8, 21, 23), (6, 24, 33), (5, 12, 38), (12, 21, 23), (13, 20, 37)]
예측 개수: 10


[853회차]
당첨번호: [2, 8, 23, 26, 27, 44], 보너스: 13
출현빈도 정렬: [34, 27, 40, 12, 20, 1, 14, 17, 13, 18, 33, 43, 45, 10, 11, 5, 19, 31, 37, 8, 39, 4, 15, 26, 7, 24, 36, 21, 2, 3, 25, 38, 44, 16, 42, 6, 29, 30, 35, 28, 41, 23, 32, 22, 9]
사용한 3개 순위 패턴 10개: [(46, 46, 46), (4, 46, 46), (15, 17, 31), (6, 30, 33), (9, 20, 33), (8, 21, 23), (6, 24, 33), (5, 12, 38), (12, 21, 23), (13, 20, 37)]
예측 개수: 10


[854회차]
당첨번호: [20, 25, 31, 32, 36, 43], 보너스: 3
출현빈도 정렬: [34, 27, 40, 12, 20, 1, 14, 17, 13, 18, 33, 43, 45, 10, 11, 5, 8, 19, 31, 37, 26, 39, 4, 15, 7, 24, 36, 2, 21, 3, 44, 25, 38, 16, 42, 6, 29, 30, 35, 28, 41, 23, 32, 22, 9]
사용한 3개 순위 패턴 10개: [(46, 46, 46), (4, 46, 46), (15, 17, 31), (6, 30, 33), (9, 20, 33), (8, 21, 23), (6, 24, 33), (5, 12, 38), (12, 21, 23), (13, 20, 37)]
예측 개수: 10


[855회차]
당첨번호: [8, 15, 17, 19, 43, 44], 보너스: 7
출현빈도 정렬: [34, 27, 40, 20, 12, 1, 14, 17, 43, 13, 18, 33, 45, 10, 11, 5, 31, 8, 19, 37, 26, 39, 4, 15, 36, 7, 24, 2, 21, 3, 25, 44, 38, 16, 42, 6, 29, 30, 35, 28, 41, 23, 32, 22, 9]
사용한 3개 순위 패턴 10개: [(46, 46, 46), (4, 46, 46), (15, 17, 31), (6, 30, 33), (9, 20, 33), (8, 21, 23), (6, 24, 33), (5, 12, 38), (12, 21, 23), (13, 20, 37)]
예측 개수: 10


[856회차]
당첨번호: [10, 24, 40, 41, 43, 44], 보너스: 17
출현빈도 정렬: [34, 27, 40, 20, 12, 17, 43, 1, 14, 13, 18, 33, 45, 10, 11, 5, 8, 19, 31, 37, 15, 26, 39, 4, 36, 7, 24, 2, 21, 44, 3, 25, 38, 16, 42, 6, 29, 30, 35, 28, 41, 23, 32, 22, 9]
사용한 3개 순위 패턴 10개: [(46, 46, 46), (4, 46, 46), (15, 17, 31), (6, 30, 33), (9, 20, 33), (8, 21, 23), (6, 24, 33), (5, 12, 38), (12, 21, 23), (13, 20, 37)]
예측 개수: 10


[857회차]
당첨번호: [6, 10, 16, 28, 34, 38], 보너스: 43
출현빈도 정렬: [34, 27, 40, 20, 43, 12, 17, 1, 14, 10, 13, 18, 33, 45, 11, 5, 8, 19, 31, 37, 15, 26, 39, 4, 24, 36, 7, 44, 2, 21, 3, 25, 38, 16, 42, 6, 29, 30, 35, 28, 41, 23, 32, 22, 9]
사용한 3개 순위 패턴 10개: [(46, 46, 46), (4, 46, 46), (15, 17, 31), (6, 30, 33), (9, 20, 33), (8, 21, 23), (6, 24, 33), (5, 12, 38), (12, 21, 23), (13, 20, 37)]
예측 개수: 10


[858회차]
당첨번호: [9, 13, 32, 38, 39, 43], 보너스: 23
출현빈도 정렬: [34, 27, 40, 20, 43, 12, 17, 1, 10, 14, 13, 18, 33, 45, 11, 5, 8, 19, 31, 37, 15, 26, 39, 4, 24, 36, 7, 44, 2, 21, 3, 25, 38, 16, 6, 42, 29, 28, 30, 35, 41, 23, 32, 22, 9]
사용한 3개 순위 패턴 10개: [(46, 46, 46), (4, 46, 46), (15, 17, 31), (6, 30, 33), (9, 20, 33), (8, 21, 23), (6, 24, 33), (5, 12, 38), (12, 21, 23), (13, 20, 37)]
예측 개수: 10


[859회차]
당첨번호: [8, 22, 35, 38, 39, 41], 보너스: 24
출현빈도 정렬: [34, 27, 40, 43, 20, 12, 17, 1, 10, 13, 14, 18, 33, 45, 11, 5, 8, 19, 31, 37, 39, 15, 26, 4, 24, 36, 7, 44, 2, 21, 38, 3, 25, 16, 6, 42, 29, 28, 30, 35, 41, 23, 32, 22, 9]
사용한 3개 순위 패턴 10개: [(46, 46, 46), (4, 46, 46), (15, 17, 31), (6, 30, 33), (9, 20, 33), (8, 21, 23), (6, 24, 33), (5, 12, 38), (12, 21, 23), (13, 20, 37)]
예측 개수: 10


[860회차]
당첨번호: [4, 8, 18, 25, 27, 32], 보너스: 42
출현빈도 정렬: [34, 27, 40, 43, 20, 12, 17, 1, 10, 13, 14, 18, 33, 45, 11, 5, 8, 19, 31, 39, 37, 15, 26, 4, 24, 36, 7, 38, 44, 2, 21, 3, 25, 16, 6, 42, 29, 35, 28, 30, 41, 23, 32, 22, 9]
사용한 3개 순위 패턴 10개: [(46, 46, 46), (4, 46, 46), (15, 17, 31), (6, 30, 33), (9, 20, 33), (8, 21, 23), (6, 24, 33), (5, 12, 38), (12, 21, 23), (13, 20, 37)]
예측 개수: 10


[861회차]
당첨번호: [11, 17, 19, 21, 22, 25], 보너스: 24
출현빈도 정렬: [34, 27, 40, 43, 20, 12, 17, 1, 10, 13, 14, 18, 33, 45, 8, 11, 5, 19, 31, 39, 37, 4, 15, 26, 24, 36, 7, 38, 44, 2, 21, 25, 3, 16, 6, 42, 29, 35, 28, 30, 41, 23, 32, 22, 9]
사용한 3개 순위 패턴 10개: [(46, 46, 46), (4, 46, 46), (15, 17, 31), (6, 30, 33), (9, 20, 33), (8, 21, 23), (6, 24, 33), (5, 12, 38), (12, 21, 23), (13, 20, 37)]
예측 개수: 10


[862회차]
당첨번호: [10, 34, 38, 40, 42, 43], 보너스: 32
출현빈도 정렬: [34, 27, 40, 43, 17, 20, 12, 1, 10, 13, 14, 18, 11, 33, 45, 8, 5, 19, 31, 39, 37, 4, 15, 26, 24, 36, 7, 21, 25, 38, 44, 2, 3, 16, 6, 42, 29, 35, 28, 30, 41, 23, 32, 22, 9]
사용한 3개 순위 패턴 10개: [(46, 46, 46), (4, 46, 46), (15, 17, 31), (6, 30, 33), (9, 20, 33), (8, 21, 23), (6, 24, 33), (5, 12, 38), (12, 21, 23), (13, 20, 37)]
예측 개수: 10


[863회차]
당첨번호: [16, 21, 28, 35, 39, 43], 보너스: 12
출현빈도 정렬: [34, 27, 40, 43, 17, 20, 10, 12, 1, 13, 14, 18, 11, 33, 45, 8, 5, 19, 31, 39, 37, 4, 15, 26, 24, 36, 7, 38, 21, 25, 44, 2, 3, 16, 42, 6, 29, 35, 28, 30, 41, 23, 32, 22, 9]
사용한 3개 순위 패턴 10개: [(46, 46, 46), (4, 46, 46), (15, 17, 31), (6, 30, 33), (9, 20, 33), (8, 21, 23), (6, 24, 33), (5, 12, 38), (12, 21, 23), (13, 20, 37)]
예측 개수: 10


[864회차]
당첨번호: [3, 7, 10, 13, 25, 36], 보너스: 32
출현빈도 정렬: [34, 27, 40, 43, 17, 20, 10, 12, 1, 13, 14, 18, 11, 33, 45, 8, 5, 19, 39, 31, 37, 4, 15, 26, 24, 36, 7, 21, 38, 25, 44, 2, 3, 16, 42, 6, 35, 28, 29, 30, 41, 23, 32, 22, 9]
사용한 3개 순위 패턴 10개: [(46, 46, 46), (4, 46, 46), (15, 17, 31), (6, 30, 33), (9, 20, 33), (8, 21, 23), (6, 24, 33), (5, 12, 38), (12, 21, 23), (13, 20, 37)]
예측 개수: 10


[865회차]
당첨번호: [3, 15, 22, 32, 33, 45], 보너스: 2
출현빈도 정렬: [34, 27, 40, 43, 10, 17, 20, 12, 13, 1, 14, 18, 11, 33, 45, 8, 5, 19, 39, 31, 37, 4, 15, 26, 36, 7, 24, 21, 25, 38, 44, 2, 3, 16, 42, 6, 35, 28, 29, 30, 41, 23, 32, 22, 9]
사용한 3개 순위 패턴 10개: [(46, 46, 46), (4, 46, 46), (15, 17, 31), (6, 30, 33), (9, 20, 33), (8, 21, 23), (6, 24, 33), (5, 12, 38), (12, 21, 23), (13, 20, 37)]
예측 개수: 10


[866회차]
당첨번호: [9, 15, 29, 34, 37, 39], 보너스: 12
출현빈도 정렬: [34, 27, 40, 43, 10, 17, 20, 12, 13, 1, 14, 18, 33, 45, 11, 8, 5, 19, 39, 31, 15, 37, 4, 26, 36, 7, 24, 21, 25, 38, 3, 44, 2, 16, 42, 6, 35, 28, 29, 30, 41, 23, 32, 22, 9]
사용한 3개 순위 패턴 10개: [(46, 46, 46), (4, 46, 46), (15, 17, 31), (6, 30, 33), (9, 20, 33), (8, 21, 23), (6, 24, 33), (5, 12, 38), (12, 21, 23), (13, 20, 37)]
예측 개수: 10


[867회차]
당첨번호: [14, 17, 19, 22, 24, 40], 보너스: 41
출현빈도 정렬: [34, 27, 40, 43, 10, 17, 20, 12, 13, 1, 14, 18, 33, 45, 11, 8, 39, 5, 19, 15, 31, 37, 4, 26, 36, 7, 24, 21, 25, 38, 3, 44, 2, 16, 42, 6, 29, 35, 28, 30, 41, 23, 32, 22, 9]
사용한 3개 순위 패턴 10개: [(46, 46, 46), (4, 46, 46), (15, 17, 31), (6, 30, 33), (9, 20, 33), (8, 21, 23), (6, 24, 33), (5, 12, 38), (12, 21, 23), (13, 20, 37)]
예측 개수: 10


[868회차]
당첨번호: [12, 17, 28, 41, 43, 44], 보너스: 25
출현빈도 정렬: [34, 40, 27, 43, 17, 10, 20, 12, 13, 14, 1, 18, 33, 45, 11, 8, 19, 39, 5, 15, 31, 37, 4, 24, 26, 36, 7, 21, 25, 38, 3, 44, 2, 16, 42, 6, 29, 35, 28, 30, 41, 23, 32, 22, 9]
사용한 3개 순위 패턴 10개: [(46, 46, 46), (4, 46, 46), (15, 17, 31), (6, 30, 33), (9, 20, 33), (8, 21, 23), (6, 24, 33), (5, 12, 38), (12, 21, 23), (13, 20, 37)]
예측 개수: 10


[869회차]
당첨번호: [2, 6, 20, 27, 37, 39], 보너스: 4
출현빈도 정렬: [34, 40, 43, 27, 17, 10, 12, 20, 13, 14, 1, 18, 33, 45, 11, 8, 19, 39, 5, 15, 31, 37, 4, 24, 26, 36, 7, 21, 25, 38, 44, 3, 2, 16, 42, 6, 28, 29, 35, 41, 30, 23, 32, 22, 9]
사용한 3개 순위 패턴 10개: [(46, 46, 46), (4, 46, 46), (15, 17, 31), (6, 30, 33), (9, 20, 33), (8, 21, 23), (6, 24, 33), (5, 12, 38), (12, 21, 23), (13, 20, 37)]
예측 개수: 10


[870회차]
당첨번호: [21, 25, 30, 32, 40, 42], 보너스: 31
출현빈도 정렬: [34, 27, 40, 43, 17, 20, 10, 12, 13, 14, 1, 18, 33, 45, 11, 39, 8, 19, 5, 37, 15, 31, 4, 24, 26, 36, 7, 21, 25, 38, 44, 2, 3, 16, 6, 42, 28, 29, 35, 41, 30, 23, 32, 22, 9]
사용한 3개 순위 패턴 10개: [(46, 46, 46), (4, 46, 46), (15, 17, 31), (6, 30, 33), (9, 20, 33), (8, 21, 23), (6, 24, 33), (5, 12, 38), (12, 21, 23), (13, 20, 37)]
예측 개수: 10


[871회차]
당첨번호: [2, 6, 12, 26, 30, 34], 보너스: 38
출현빈도 정렬: [34, 40, 27, 43, 17, 20, 10, 12, 13, 14, 1, 18, 33, 45, 11, 39, 8, 19, 5, 37, 15, 31, 4, 24, 26, 36, 7, 21, 25, 38, 44, 2, 3, 16, 42, 6, 28, 29, 35, 30, 41, 32, 23, 22, 9]
사용한 3개 순위 패턴 10개: [(46, 46, 46), (4, 46, 46), (15, 17, 31), (6, 30, 33), (9, 20, 33), (8, 21, 23), (6, 24, 33), (5, 12, 38), (12, 21, 23), (13, 20, 37)]
예측 개수: 10


[872회차]
당첨번호: [2, 4, 30, 32, 33, 43], 보너스: 29
출현빈도 정렬: [34, 40, 27, 43, 17, 12, 20, 10, 13, 14, 1, 18, 33, 45, 11, 39, 8, 19, 5, 37, 15, 31, 26, 4, 24, 36, 7, 21, 25, 2, 38, 44, 3, 16, 6, 42, 28, 29, 30, 35, 41, 32, 23, 22, 9]
사용한 3개 순위 패턴 10개: [(46, 46, 46), (4, 46, 46), (15, 17, 31), (6, 30, 33), (9, 20, 33), (8, 21, 23), (3, 28, 36), (6, 24, 33), (5, 12, 38), (12, 21, 23)]
예측 개수: 10


[873회차]
당첨번호: [3, 5, 12, 13, 33, 39], 보너스: 38
출현빈도 정렬: [34, 40, 43, 27, 17, 12, 20, 10, 13, 14, 33, 1, 18, 45, 11, 39, 8, 19, 5, 37, 15, 31, 4, 26, 24, 36, 2, 7, 21, 25, 38, 44, 3, 16, 6, 42, 30, 28, 29, 35, 41, 32, 23, 22, 9]
사용한 3개 순위 패턴 10개: [(46, 46, 46), (4, 46, 46), (15, 17, 31), (6, 30, 33), (9, 20, 33), (8, 21, 23), (3, 28, 36), (6, 24, 33), (5, 12, 38), (12, 21, 23)]
예측 개수: 10


[874회차]
당첨번호: [1, 15, 19, 23, 28, 42], 보너스: 32
출현빈도 정렬: [34, 40, 43, 27, 12, 17, 20, 10, 13, 33, 14, 1, 18, 39, 45, 11, 5, 8, 19, 37, 15, 31, 4, 26, 24, 36, 2, 7, 21, 25, 3, 38, 44, 16, 6, 42, 30, 28, 29, 35, 41, 32, 23, 22, 9]
사용한 3개 순위 패턴 10개: [(46, 46, 46), (4, 46, 46), (15, 17, 31), (6, 30, 33), (9, 20, 33), (8, 21, 23), (3, 28, 36), (6, 24, 33), (5, 12, 38), (12, 21, 23)]
예측 개수: 10


[875회차]
당첨번호: [19, 22, 30, 34, 39, 44], 보너스: 36
출현빈도 정렬: [34, 40, 43, 27, 12, 17, 20, 10, 13, 33, 1, 14, 18, 39, 45, 11, 19, 5, 8, 15, 37, 31, 4, 26, 24, 36, 2, 7, 21, 25, 3, 38, 44, 16, 42, 6, 28, 30, 29, 35, 41, 32, 23, 22, 9]
사용한 3개 순위 패턴 10개: [(46, 46, 46), (4, 46, 46), (15, 17, 31), (6, 30, 33), (9, 20, 33), (8, 21, 23), (3, 28, 36), (6, 24, 33), (5, 12, 38), (12, 21, 23)]
예측 개수: 10


[876회차]
당첨번호: [5, 16, 21, 26, 34, 42], 보너스: 24
출현빈도 정렬: [34, 40, 43, 27, 12, 17, 20, 10, 13, 33, 1, 14, 39, 18, 19, 45, 11, 5, 8, 15, 37, 31, 4, 26, 24, 36, 2, 7, 21, 25, 44, 3, 38, 16, 42, 6, 30, 28, 29, 35, 41, 32, 23, 22, 9]
사용한 3개 순위 패턴 10개: [(46, 46, 46), (4, 46, 46), (15, 17, 31), (6, 30, 33), (9, 20, 33), (8, 21, 23), (3, 28, 36), (12, 36, 43), (6, 24, 33), (5, 12, 38)]
예측 개수: 10


[877회차]
당첨번호: [5, 17, 18, 22, 23, 43], 보너스: 12
출현빈도 정렬: [34, 40, 43, 27, 12, 17, 20, 10, 13, 33, 1, 14, 39, 18, 19, 45, 5, 11, 8, 15, 37, 26, 31, 4, 21, 24, 36, 2, 7, 25, 44, 3, 38, 16, 42, 6, 30, 28, 29, 35, 41, 32, 23, 22, 9]
사용한 3개 순위 패턴 10개: [(46, 46, 46), (4, 46, 46), (15, 17, 31), (6, 30, 33), (9, 20, 33), (8, 21, 23), (3, 28, 36), (12, 36, 43), (6, 24, 33), (5, 12, 38)]
예측 개수: 10


[878회차]
당첨번호: [2, 6, 11, 16, 25, 31], 보너스: 3
출현빈도 정렬: [34, 43, 40, 27, 17, 12, 20, 10, 13, 33, 1, 14, 18, 39, 5, 19, 45, 11, 8, 15, 37, 26, 31, 4, 21, 24, 36, 2, 7, 25, 44, 3, 38, 16, 42, 6, 30, 28, 29, 35, 41, 23, 32, 22, 9]
사용한 3개 순위 패턴 10개: [(46, 46, 46), (4, 46, 46), (15, 17, 31), (6, 30, 33), (9, 20, 33), (8, 21, 23), (3, 28, 36), (12, 36, 43), (6, 24, 33), (5, 12, 38)]
예측 개수: 10


[879회차]
당첨번호: [1, 4, 10, 14, 15, 35], 보너스: 20
출현빈도 정렬: [34, 43, 40, 27, 17, 12, 20, 10, 13, 33, 1, 14, 18, 39, 5, 11, 19, 45, 8, 15, 31, 37, 26, 4, 2, 21, 24, 25, 36, 7, 44, 3, 38, 16, 42, 6, 30, 28, 29, 35, 41, 23, 32, 22, 9]
사용한 3개 순위 패턴 10개: [(46, 46, 46), (4, 46, 46), (15, 17, 31), (6, 30, 33), (9, 20, 33), (8, 21, 23), (3, 28, 36), (12, 36, 43), (6, 24, 33), (5, 12, 38)]
예측 개수: 10


[880회차]
당첨번호: [7, 17, 19, 23, 24, 45], 보너스: 38
출현빈도 정렬: [34, 43, 40, 27, 17, 12, 10, 20, 1, 13, 14, 33, 18, 39, 5, 11, 19, 45, 8, 15, 31, 37, 4, 26, 2, 21, 24, 25, 36, 7, 44, 3, 38, 16, 42, 6, 30, 28, 35, 29, 41, 23, 32, 22, 9]
사용한 3개 순위 패턴 10개: [(46, 46, 46), (4, 46, 46), (15, 17, 31), (6, 30, 33), (9, 20, 33), (8, 21, 23), (3, 28, 36), (12, 36, 43), (6, 24, 33), (5, 12, 38)]
예측 개수: 10


[881회차]
당첨번호: [4, 18, 20, 26, 27, 32], 보너스: 9
출현빈도 정렬: [34, 43, 40, 17, 27, 12, 10, 20, 1, 13, 14, 33, 18, 19, 39, 45, 5, 11, 8, 15, 31, 37, 4, 26, 24, 2, 7, 21, 25, 36, 44, 3, 38, 16, 42, 6, 30, 28, 35, 29, 41, 23, 32, 22, 9]
사용한 3개 순위 패턴 10개: [(46, 46, 46), (4, 46, 46), (15, 17, 31), (6, 30, 33), (9, 20, 33), (8, 21, 23), (3, 28, 36), (12, 36, 43), (6, 24, 33), (5, 12, 38)]
예측 개수: 10


[882회차]
당첨번호: [18, 34, 39, 43, 44, 45], 보너스: 23
출현빈도 정렬: [34, 43, 27, 40, 17, 12, 20, 10, 1, 13, 14, 18, 33, 19, 39, 45, 5, 11, 8, 15, 4, 26, 31, 37, 24, 2, 7, 21, 25, 36, 44, 3, 38, 16, 42, 6, 30, 28, 35, 29, 41, 23, 32, 22, 9]
사용한 3개 순위 패턴 10개: [(46, 46, 46), (4, 46, 46), (15, 17, 31), (6, 30, 33), (9, 20, 33), (8, 21, 23), (3, 28, 36), (12, 36, 43), (6, 24, 33), (5, 12, 38)]
예측 개수: 10


[883회차]
당첨번호: [9, 18, 32, 33, 37, 44], 보너스: 22
출현빈도 정렬: [34, 43, 27, 40, 17, 12, 20, 10, 18, 1, 13, 14, 33, 39, 45, 19, 5, 11, 8, 15, 4, 26, 31, 37, 24, 2, 7, 21, 25, 36, 44, 3, 38, 16, 42, 6, 30, 28, 35, 29, 41, 23, 32, 22, 9]
사용한 3개 순위 패턴 10개: [(46, 46, 46), (4, 46, 46), (15, 17, 31), (6, 30, 33), (9, 20, 33), (8, 21, 23), (3, 28, 36), (12, 36, 43), (6, 24, 33), (5, 12, 38)]
예측 개수: 10


[884회차]
당첨번호: [4, 14, 23, 28, 37, 45], 보너스: 17
출현빈도 정렬: [34, 43, 27, 40, 17, 12, 18, 20, 10, 33, 1, 13, 14, 39, 45, 19, 5, 11, 8, 15, 37, 4, 26, 31, 24, 44, 2, 7, 21, 25, 36, 3, 38, 16, 42, 6, 30, 28, 35, 29, 41, 32, 23, 22, 9]
사용한 3개 순위 패턴 10개: [(46, 46, 46), (4, 46, 46), (15, 17, 31), (6, 30, 33), (9, 20, 33), (8, 21, 23), (3, 28, 36), (12, 36, 43), (6, 24, 33), (5, 12, 38)]
예측 개수: 10


[885회차]
당첨번호: [1, 3, 24, 27, 39, 45], 보너스: 31
출현빈도 정렬: [34, 43, 27, 40, 17, 12, 18, 20, 10, 14, 33, 45, 1, 13, 39, 19, 5, 11, 37, 4, 8, 15, 26, 31, 24, 44, 2, 7, 21, 25, 36, 3, 38, 16, 42, 6, 28, 30, 35, 29, 41, 23, 32, 22, 9]
사용한 3개 순위 패턴 10개: [(46, 46, 46), (4, 46, 46), (15, 17, 31), (6, 30, 33), (9, 20, 33), (8, 21, 23), (3, 28, 36), (12, 36, 43), (6, 24, 33), (5, 12, 38)]
예측 개수: 10


[886회차]
당첨번호: [19, 23, 28, 37, 42, 45], 보너스: 2
출현빈도 정렬: [34, 43, 27, 40, 17, 12, 18, 20, 45, 1, 10, 14, 33, 39, 13, 19, 5, 11, 37, 4, 8, 15, 26, 31, 24, 44, 2, 7, 21, 25, 36, 3, 38, 16, 42, 6, 28, 30, 35, 29, 41, 23, 32, 22, 9]
사용한 3개 순위 패턴 10개: [(46, 46, 46), (4, 46, 46), (15, 17, 31), (6, 30, 33), (9, 20, 33), (8, 21, 23), (3, 28, 36), (12, 36, 43), (6, 24, 33), (5, 12, 38)]
예측 개수: 10


[887회차]
당첨번호: [8, 14, 17, 27, 36, 45], 보너스: 10
출현빈도 정렬: [34, 43, 27, 40, 17, 45, 12, 18, 20, 1, 10, 14, 33, 39, 13, 19, 5, 11, 37, 4, 8, 15, 26, 31, 24, 44, 2, 7, 21, 25, 36, 3, 38, 16, 42, 6, 28, 30, 35, 29, 41, 23, 32, 22, 9]
사용한 3개 순위 패턴 10개: [(46, 46, 46), (4, 46, 46), (15, 17, 31), (6, 30, 33), (9, 20, 33), (8, 21, 23), (3, 28, 36), (12, 36, 43), (6, 24, 33), (5, 12, 38)]
예측 개수: 10


[888회차]
당첨번호: [3, 7, 12, 31, 34, 38], 보너스: 32
출현빈도 정렬: [34, 27, 43, 17, 40, 45, 12, 14, 18, 20, 1, 10, 33, 39, 13, 19, 5, 11, 37, 8, 4, 15, 26, 31, 24, 36, 44, 2, 7, 21, 25, 3, 38, 16, 42, 6, 28, 30, 35, 29, 41, 23, 32, 22, 9]
사용한 3개 순위 패턴 10개: [(46, 46, 46), (4, 46, 46), (15, 17, 31), (6, 30, 33), (9, 20, 33), (8, 21, 23), (3, 28, 36), (12, 36, 43), (6, 24, 33), (5, 12, 38)]
예측 개수: 10


[889회차]
당첨번호: [3, 13, 29, 38, 39, 42], 보너스: 26
출현빈도 정렬: [34, 27, 43, 17, 40, 45, 12, 14, 18, 20, 1, 10, 33, 39, 13, 19, 5, 11, 37, 8, 4, 15, 31, 26, 24, 7, 36, 44, 2, 3, 21, 25, 38, 16, 42, 6, 28, 30, 35, 29, 41, 23, 32, 22, 9]
사용한 3개 순위 패턴 10개: [(46, 46, 46), (4, 46, 46), (15, 17, 31), (6, 30, 33), (9, 20, 33), (8, 21, 23), (3, 28, 36), (12, 36, 43), (6, 24, 33), (5, 12, 38)]
예측 개수: 10


[890회차]
당첨번호: [1, 4, 14, 18, 29, 37], 보너스: 6
출현빈도 정렬: [34, 27, 43, 17, 40, 45, 12, 14, 18, 20, 39, 1, 10, 13, 33, 19, 5, 11, 37, 8, 4, 15, 31, 26, 24, 3, 7, 36, 44, 2, 21, 25, 38, 42, 16, 6, 28, 30, 29, 35, 41, 23, 32, 22, 9]
사용한 3개 순위 패턴 10개: [(46, 46, 46), (4, 46, 46), (15, 17, 31), (6, 30, 33), (9, 20, 33), (8, 21, 23), (3, 28, 36), (12, 36, 43), (6, 24, 33), (5, 12, 38)]
예측 개수: 10


[891회차]
당첨번호: [9, 13, 28, 31, 39, 41], 보너스: 19
출현빈도 정렬: [34, 27, 43, 17, 40, 45, 12, 14, 18, 1, 20, 39, 10, 13, 33, 19, 37, 5, 11, 4, 8, 15, 31, 26, 24, 3, 7, 36, 44, 2, 21, 25, 38, 42, 16, 6, 28, 29, 30, 35, 41, 23, 32, 22, 9]
사용한 3개 순위 패턴 10개: [(46, 46, 46), (4, 46, 46), (15, 17, 31), (6, 30, 33), (9, 20, 33), (8, 21, 23), (3, 28, 36), (12, 36, 43), (6, 24, 33), (5, 12, 38)]
예측 개수: 10


[892회차]
당첨번호: [4, 9, 17, 18, 26, 42], 보너스: 36
출현빈도 정렬: [34, 27, 43, 17, 40, 45, 12, 14, 18, 39, 1, 13, 20, 10, 33, 19, 37, 5, 11, 4, 8, 31, 15, 26, 24, 3, 7, 36, 44, 2, 21, 25, 38, 42, 16, 6, 28, 29, 30, 35, 41, 23, 32, 22, 9]
사용한 3개 순위 패턴 10개: [(46, 46, 46), (4, 46, 46), (15, 17, 31), (6, 30, 33), (9, 20, 33), (8, 21, 23), (3, 28, 36), (12, 36, 43), (6, 24, 33), (5, 12, 38)]
예측 개수: 10


[893회차]
당첨번호: [1, 15, 17, 23, 25, 41], 보너스: 10
출현빈도 정렬: [34, 27, 43, 17, 40, 18, 45, 12, 14, 39, 1, 13, 20, 10, 33, 19, 37, 4, 5, 11, 8, 31, 15, 26, 24, 3, 7, 36, 44, 2, 21, 25, 38, 42, 16, 6, 28, 29, 30, 35, 41, 23, 32, 22, 9]
사용한 3개 순위 패턴 10개: [(46, 46, 46), (4, 46, 46), (15, 17, 31), (6, 30, 33), (9, 20, 33), (8, 21, 23), (3, 28, 36), (12, 36, 43), (6, 24, 33), (5, 12, 38)]
예측 개수: 10


[894회차]
당첨번호: [19, 32, 37, 40, 41, 43], 보너스: 45
출현빈도 정렬: [34, 17, 27, 43, 40, 18, 45, 1, 12, 14, 39, 13, 20, 10, 33, 19, 37, 4, 5, 11, 8, 15, 31, 26, 24, 3, 7, 25, 36, 44, 2, 21, 38, 42, 16, 6, 28, 29, 30, 35, 41, 23, 32, 22, 9]
사용한 3개 순위 패턴 10개: [(46, 46, 46), (4, 46, 46), (15, 17, 31), (6, 30, 33), (9, 20, 33), (8, 21, 23), (3, 28, 36), (12, 36, 43), (6, 24, 33), (5, 12, 38)]
예측 개수: 10


[895회차]
당첨번호: [16, 26, 31, 38, 39, 41], 보너스: 23
출현빈도 정렬: [34, 43, 17, 27, 40, 18, 45, 1, 12, 14, 39, 13, 20, 10, 19, 33, 37, 4, 5, 11, 8, 15, 31, 26, 24, 3, 7, 25, 36, 44, 2, 21, 38, 42, 16, 6, 28, 29, 30, 41, 35, 23, 32, 22, 9]
사용한 3개 순위 패턴 10개: [(46, 46, 46), (4, 46, 46), (15, 17, 31), (6, 30, 33), (9, 20, 33), (8, 21, 23), (3, 28, 36), (12, 36, 43), (6, 24, 33), (5, 12, 38)]
예측 개수: 10


[896회차]
당첨번호: [5, 12, 25, 26, 38, 45], 보너스: 23
출현빈도 정렬: [34, 43, 17, 27, 40, 18, 39, 45, 1, 12, 14, 13, 20, 10, 19, 33, 37, 4, 5, 11, 31, 8, 15, 26, 24, 3, 7, 25, 36, 38, 44, 2, 21, 42, 16, 6, 28, 41, 29, 30, 35, 23, 32, 22, 9]
사용한 3개 순위 패턴 10개: [(46, 46, 46), (4, 46, 46), (15, 17, 31), (6, 30, 33), (9, 20, 33), (8, 21, 23), (3, 28, 36), (12, 36, 43), (6, 24, 33), (5, 12, 38)]
예측 개수: 10


[897회차]
당첨번호: [6, 7, 12, 22, 26, 36], 보너스: 29
출현빈도 정렬: [34, 43, 17, 27, 40, 45, 12, 18, 39, 1, 14, 13, 20, 10, 19, 33, 37, 5, 4, 11, 26, 31, 8, 15, 24, 25, 38, 3, 7, 36, 44, 2, 21, 42, 16, 6, 28, 41, 29, 30, 35, 23, 32, 22, 9]
사용한 3개 순위 패턴 10개: [(46, 46, 46), (4, 46, 46), (15, 17, 31), (6, 30, 33), (9, 20, 33), (8, 21, 23), (3, 28, 36), (12, 36, 43), (6, 24, 33), (5, 12, 38)]
예측 개수: 10


[898회차]
당첨번호: [18, 21, 28, 35, 37, 42], 보너스: 17
출현빈도 정렬: [34, 43, 17, 27, 40, 12, 45, 18, 39, 1, 14, 13, 20, 10, 19, 33, 37, 5, 26, 4, 11, 31, 8, 15, 7, 24, 25, 36, 38, 3, 44, 2, 21, 42, 16, 6, 28, 41, 29, 30, 35, 23, 32, 22, 9]
사용한 3개 순위 패턴 10개: [(46, 46, 46), (4, 46, 46), (15, 17, 31), (6, 30, 33), (9, 20, 33), (8, 21, 23), (3, 28, 36), (12, 36, 43), (6, 24, 33), (5, 12, 38)]
예측 개수: 10


[899회차]
당첨번호: [8, 19, 20, 21, 33, 39], 보너스: 37
출현빈도 정렬: [34, 43, 17, 27, 40, 12, 18, 45, 39, 1, 14, 13, 20, 10, 19, 33, 37, 5, 26, 4, 11, 31, 8, 15, 7, 24, 25, 36, 38, 3, 21, 44, 2, 42, 16, 6, 28, 41, 29, 30, 35, 23, 32, 22, 9]
사용한 3개 순위 패턴 10개: [(46, 46, 46), (4, 46, 46), (15, 17, 31), (6, 30, 33), (9, 20, 33), (8, 21, 23), (3, 28, 36), (12, 36, 43), (6, 24, 33), (5, 12, 38)]
예측 개수: 10


[900회차]
당첨번호: [7, 13, 16, 18, 35, 38], 보너스: 14
출현빈도 정렬: [34, 43, 17, 27, 40, 12, 18, 39, 45, 1, 14, 20, 13, 19, 33, 10, 37, 5, 26, 4, 8, 11, 31, 15, 7, 21, 24, 25, 36, 38, 3, 44, 2, 42, 16, 6, 28, 41, 29, 30, 35, 23, 32, 22, 9]
사용한 3개 순위 패턴 10개: [(46, 46, 46), (4, 46, 46), (15, 17, 31), (6, 30, 33), (9, 20, 33), (8, 21, 23), (3, 28, 36), (12, 36, 43), (6, 24, 33), (5, 12, 38)]
예측 개수: 10
