[401회차]
당첨번호: [6, 12, 18, 31, 38, 43], 보너스: 9
출현빈도 정렬: [37, 1, 17, 40, 45, 19, 20, 5, 34, 18, 36, 3, 14, 42, 25, 27, 4, 39, 2, 10, 11, 16, 21, 24, 26, 31, 43, 15, 7, 8, 13, 33, 35, 29, 44, 32, 12, 30, 6, 9, 41, 23, 28, 38, 22]
사용한 3개 순위 패턴 10개: [(46, 46, 46), (4, 46, 46), (3, 46, 46), (6, 24, 33), (15, 17, 31), (17, 46, 46), (5, 9, 17), (8, 46, 46), (13, 22, 36), (5, 26, 27)]
예측 개수: 10


[402회차]
당첨번호: [5, 9, 15, 19, 22, 36], 보너스: 32
출현빈도 정렬: [37, 1, 17, 40, 45, 19, 20, 5, 18, 34, 36, 3, 14, 42, 25, 27, 4, 39, 2, 31, 43, 10, 11, 16, 21, 24, 26, 15, 7, 8, 13, 33, 35, 29, 44, 12, 32, 6, 30, 9, 41, 23, 28, 38, 22]
사용한 3개 순위 패턴 10개: [(46, 46, 46), (4, 46, 46), (3, 46, 46), (6, 24, 33), (15, 17, 31), (17, 46, 46), (5, 9, 17), (8, 46, 46), (13, 22, 36), (5, 26, 27)]
예측 개수: 10


[403회차]
당첨번호: [10, 14, 22, 24, 28, 37], 보너스: 26
출현빈도 정렬: [37, 1, 17, 19, 40, 45, 5, 20, 18, 34, 36, 3, 14, 42, 25, 27, 4, 39, 2, 31, 43, 10, 11, 15, 16, 21, 24, 26, 7, 8, 13, 33, 35, 29, 44, 12, 32, 6, 30, 9, 41, 23, 28, 38, 22]
사용한 3개 순위 패턴 10개: [(46, 46, 46), (4, 46, 46), (3, 46, 46), (6, 24, 33), (15, 17, 31), (17, 46, 46), (5, 9, 17), (8, 46, 46), (13, 22, 36), (5, 26, 27)]
예측 개수: 10


[404회차]
당첨번호: [5, 20, 21, 24, 33, 40], 보너스: 36
출현빈도 정렬: [37, 1, 17, 19, 40, 45, 5, 20, 18, 34, 36, 14, 3, 42, 25, 27, 4, 39, 2, 10, 24, 31, 43, 11, 15, 16, 21, 26, 7, 8, 13, 33, 35, 29, 44, 12, 32, 6, 30, 9, 28, 41, 22, 23, 38]
사용한 3개 순위 패턴 10개: [(46, 46, 46), (4, 46, 46), (3, 46, 46), (6, 24, 33), (15, 17, 31), (17, 46, 46), (5, 9, 17), (8, 46, 46), (13, 22, 36), (5, 26, 27)]
예측 개수: 10


[405회차]
당첨번호: [1, 2, 10, 25, 26, 44], 보너스: 4
출현빈도 정렬: [37, 1, 17, 40, 5, 19, 20, 45, 18, 34, 36, 14, 3, 42, 25, 27, 4, 24, 39, 2, 10, 21, 31, 43, 11, 15, 16, 26, 33, 7, 8, 13, 35, 29, 44, 12, 32, 6, 30, 9, 28, 41, 22, 23, 38]
사용한 3개 순위 패턴 10개: [(46, 46, 46), (4, 46, 46), (3, 46, 46), (6, 24, 33), (15, 17, 31), (17, 46, 46), (5, 9, 17), (8, 46, 46), (13, 22, 36), (5, 26, 27)]
예측 개수: 10


[406회차]
당첨번호: [7, 12, 21, 24, 27, 36], 보너스: 45
출현빈도 정렬: [37, 1, 17, 40, 5, 19, 20, 45, 18, 34, 36, 14, 3, 25, 42, 27, 2, 4, 10, 24, 39, 21, 26, 31, 43, 11, 15, 16, 33, 7, 8, 13, 35, 29, 44, 12, 32, 6, 30, 9, 28, 41, 22, 23, 38]
사용한 3개 순위 패턴 10개: [(46, 46, 46), (4, 46, 46), (3, 46, 46), (6, 24, 33), (15, 17, 31), (17, 46, 46), (5, 9, 17), (8, 46, 46), (13, 22, 36), (5, 26, 27)]
예측 개수: 10


[407회차]
당첨번호: [6, 7, 13, 16, 24, 25], 보너스: 1
출현빈도 정렬: [37, 1, 17, 40, 5, 19, 20, 45, 36, 18, 34, 14, 3, 25, 42, 27, 24, 2, 4, 10, 21, 39, 26, 31, 43, 11, 15, 16, 7, 33, 8, 13, 35, 29, 44, 12, 32, 6, 30, 9, 28, 41, 22, 23, 38]
사용한 3개 순위 패턴 10개: [(46, 46, 46), (4, 46, 46), (3, 46, 46), (6, 24, 33), (15, 17, 31), (17, 46, 46), (5, 9, 17), (8, 46, 46), (13, 22, 36), (5, 26, 27)]
예측 개수: 10


[408회차]
당첨번호: [9, 20, 21, 22, 30, 37], 보너스: 16
출현빈도 정렬: [37, 1, 17, 40, 5, 19, 20, 45, 36, 18, 34, 14, 25, 3, 42, 24, 27, 2, 4, 10, 21, 39, 16, 26, 31, 43, 7, 11, 15, 13, 33, 8, 35, 29, 44, 12, 32, 6, 30, 9, 28, 41, 22, 23, 38]
사용한 3개 순위 패턴 10개: [(46, 46, 46), (4, 46, 46), (3, 46, 46), (6, 24, 33), (15, 17, 31), (17, 46, 46), (5, 9, 17), (8, 46, 46), (13, 22, 36), (5, 26, 27)]
예측 개수: 10


[409회차]
당첨번호: [6, 9, 21, 31, 32, 40], 보너스: 38
출현빈도 정렬: [37, 1, 17, 20, 40, 5, 19, 45, 36, 18, 34, 14, 25, 3, 42, 24, 27, 21, 2, 4, 10, 39, 16, 26, 31, 43, 7, 11, 15, 13, 33, 8, 35, 29, 44, 12, 32, 6, 30, 9, 22, 28, 41, 23, 38]
사용한 3개 순위 패턴 10개: [(46, 46, 46), (4, 46, 46), (3, 46, 46), (6, 24, 33), (15, 17, 31), (17, 46, 46), (5, 9, 17), (8, 46, 46), (13, 22, 36), (5, 26, 27)]
예측 개수: 10


[410회차]
당첨번호: [1, 3, 18, 32, 40, 41], 보너스: 16
출현빈도 정렬: [37, 1, 40, 17, 20, 5, 19, 45, 36, 18, 34, 14, 25, 3, 42, 21, 24, 27, 2, 4, 10, 31, 39, 16, 26, 43, 7, 11, 15, 13, 33, 8, 35, 29, 44, 12, 32, 6, 9, 30, 22, 28, 41, 23, 38]
사용한 3개 순위 패턴 10개: [(46, 46, 46), (4, 46, 46), (3, 46, 46), (6, 24, 33), (15, 17, 31), (17, 46, 46), (5, 9, 17), (8, 46, 46), (13, 22, 36), (5, 26, 27)]
예측 개수: 10


[411회차]
당첨번호: [11, 14, 22, 35, 37, 39], 보너스: 5
출현빈도 정렬: [37, 1, 40, 17, 20, 5, 19, 45, 18, 36, 34, 3, 14, 25, 42, 21, 24, 27, 2, 4, 10, 31, 39, 16, 26, 43, 7, 11, 15, 13, 33, 8, 35, 29, 32, 44, 12, 6, 9, 30, 41, 22, 28, 23, 38]
사용한 3개 순위 패턴 10개: [(46, 46, 46), (4, 46, 46), (3, 46, 46), (6, 24, 33), (15, 17, 31), (17, 46, 46), (5, 9, 17), (8, 46, 46), (13, 22, 36), (5, 26, 27)]
예측 개수: 10


[412회차]
당첨번호: [4, 7, 39, 41, 42, 45], 보너스: 40
출현빈도 정렬: [37, 1, 40, 17, 20, 5, 19, 45, 18, 36, 14, 34, 3, 25, 42, 21, 24, 27, 39, 2, 4, 10, 31, 11, 16, 26, 43, 7, 15, 13, 33, 35, 8, 29, 32, 44, 12, 6, 9, 30, 22, 41, 28, 23, 38]
사용한 3개 순위 패턴 10개: [(46, 46, 46), (4, 46, 46), (3, 46, 46), (6, 24, 33), (15, 17, 31), (17, 46, 46), (5, 9, 17), (8, 46, 46), (13, 22, 36), (5, 26, 27)]
예측 개수: 10


[413회차]
당첨번호: [2, 9, 15, 23, 34, 40], 보너스: 3
출현빈도 정렬: [37, 1, 40, 17, 20, 45, 5, 19, 18, 36, 14, 34, 3, 25, 42, 21, 24, 27, 39, 4, 2, 10, 31, 7, 11, 16, 26, 43, 15, 13, 33, 35, 8, 29, 32, 44, 12, 6, 9, 30, 41, 22, 28, 23, 38]
사용한 3개 순위 패턴 10개: [(46, 46, 46), (4, 46, 46), (3, 46, 46), (6, 24, 33), (15, 17, 31), (17, 46, 46), (5, 9, 17), (8, 46, 46), (13, 22, 36), (5, 26, 27)]
예측 개수: 10


[414회차]
당첨번호: [2, 14, 15, 22, 23, 44], 보너스: 43
출현빈도 정렬: [37, 1, 40, 17, 20, 45, 5, 19, 18, 34, 36, 14, 3, 25, 42, 21, 24, 27, 39, 2, 4, 10, 31, 7, 11, 15, 16, 26, 43, 13, 33, 35, 8, 29, 32, 44, 12, 6, 9, 30, 41, 22, 23, 28, 38]
사용한 3개 순위 패턴 10개: [(46, 46, 46), (4, 46, 46), (3, 46, 46), (6, 24, 33), (15, 17, 31), (17, 46, 46), (5, 9, 17), (8, 46, 46), (13, 22, 36), (5, 26, 27)]
예측 개수: 10


[415회차]
당첨번호: [7, 17, 20, 26, 30, 40], 보너스: 24
출현빈도 정렬: [37, 1, 40, 17, 20, 45, 5, 19, 14, 18, 34, 36, 3, 25, 42, 2, 21, 24, 27, 39, 4, 10, 15, 31, 7, 11, 16, 26, 43, 13, 33, 35, 8, 44, 29, 32, 12, 6, 9, 30, 22, 41, 23, 28, 38]
사용한 3개 순위 패턴 10개: [(46, 46, 46), (4, 46, 46), (3, 46, 46), (6, 24, 33), (15, 17, 31), (17, 46, 46), (5, 9, 17), (8, 46, 46), (13, 22, 36), (5, 26, 27)]
예측 개수: 10


[416회차]
당첨번호: [5, 6, 8, 11, 22, 26], 보너스: 44
출현빈도 정렬: [37, 40, 1, 17, 20, 45, 5, 19, 14, 18, 34, 36, 3, 25, 42, 2, 21, 24, 27, 39, 4, 7, 10, 15, 26, 31, 11, 16, 43, 13, 33, 35, 8, 44, 29, 32, 12, 6, 9, 30, 22, 41, 23, 28, 38]
사용한 3개 순위 패턴 10개: [(46, 46, 46), (4, 46, 46), (3, 46, 46), (6, 24, 33), (15, 17, 31), (17, 46, 46), (5, 9, 17), (8, 46, 46), (13, 22, 36), (5, 26, 27)]
예측 개수: 10


[417회차]
당첨번호: [4, 5, 14, 20, 22, 43], 보너스: 44
출현빈도 정렬: [37, 40, 1, 17, 20, 5, 45, 19, 14, 18, 34, 36, 3, 25, 42, 2, 21, 24, 27, 39, 4, 26, 7, 10, 11, 15, 31, 16, 43, 8, 13, 33, 35, 44, 29, 32, 6, 12, 9, 30, 22, 41, 23, 28, 38]
사용한 3개 순위 패턴 10개: [(46, 46, 46), (4, 46, 46), (3, 46, 46), (6, 24, 33), (15, 17, 31), (17, 46, 46), (5, 9, 17), (8, 46, 46), (13, 22, 36), (5, 26, 27)]
예측 개수: 10


[418회차]
당첨번호: [11, 13, 15, 26, 28, 34], 보너스: 31
출현빈도 정렬: [37, 40, 1, 20, 5, 17, 45, 14, 19, 18, 34, 36, 3, 25, 42, 2, 4, 21, 24, 27, 39, 26, 7, 10, 11, 15, 31, 43, 16, 8, 13, 33, 35, 44, 29, 32, 6, 12, 9, 22, 30, 41, 23, 28, 38]
사용한 3개 순위 패턴 10개: [(46, 46, 46), (4, 46, 46), (3, 46, 46), (6, 24, 33), (15, 17, 31), (17, 46, 46), (5, 9, 17), (8, 46, 46), (13, 22, 36), (5, 26, 27)]
예측 개수: 10


[419회차]
당첨번호: [2, 11, 13, 14, 28, 30], 보너스: 7
출현빈도 정렬: [37, 40, 1, 20, 5, 17, 45, 14, 19, 34, 18, 36, 3, 25, 42, 2, 4, 21, 24, 26, 27, 39, 11, 15, 7, 10, 31, 43, 16, 13, 8, 33, 35, 44, 29, 32, 6, 12, 9, 22, 30, 41, 23, 28, 38]
사용한 3개 순위 패턴 10개: [(46, 46, 46), (4, 46, 46), (3, 46, 46), (6, 24, 33), (15, 17, 31), (17, 46, 46), (5, 9, 17), (8, 46, 46), (13, 22, 36), (5, 26, 27)]
예측 개수: 10


[420회차]
당첨번호: [4, 9, 10, 29, 31, 34], 보너스: 27
출현빈도 정렬: [37, 40, 1, 20, 5, 17, 14, 45, 19, 34, 18, 36, 3, 25, 42, 2, 4, 11, 21, 24, 26, 27, 39, 15, 7, 10, 31, 43, 13, 16, 8, 33, 35, 44, 29, 32, 6, 12, 30, 9, 22, 28, 41, 23, 38]
사용한 3개 순위 패턴 10개: [(46, 46, 46), (4, 46, 46), (3, 46, 46), (6, 24, 33), (15, 17, 31), (17, 46, 46), (5, 9, 17), (8, 46, 46), (13, 22, 36), (5, 26, 27)]
예측 개수: 10


[421회차]
당첨번호: [6, 11, 26, 27, 28, 44], 보너스: 30
출현빈도 정렬: [37, 40, 1, 20, 5, 17, 14, 34, 45, 19, 18, 36, 3, 25, 42, 2, 4, 11, 21, 24, 26, 27, 39, 10, 15, 31, 7, 43, 13, 16, 8, 33, 35, 29, 44, 32, 6, 9, 12, 30, 22, 28, 41, 23, 38]
사용한 3개 순위 패턴 10개: [(46, 46, 46), (4, 46, 46), (3, 46, 46), (6, 24, 33), (15, 17, 31), (17, 46, 46), (5, 9, 17), (8, 46, 46), (13, 22, 36), (5, 26, 27)]
예측 개수: 10


[422회차]
당첨번호: [8, 15, 19, 21, 34, 44], 보너스: 12
출현빈도 정렬: [37, 40, 1, 20, 5, 17, 14, 34, 45, 19, 18, 36, 3, 25, 42, 2, 4, 11, 26, 27, 21, 24, 39, 10, 15, 31, 7, 43, 13, 16, 8, 33, 35, 44, 29, 6, 32, 9, 12, 30, 22, 28, 41, 23, 38]
사용한 3개 순위 패턴 10개: [(46, 46, 46), (4, 46, 46), (3, 46, 46), (6, 24, 33), (15, 17, 31), (17, 46, 46), (5, 9, 17), (8, 46, 46), (13, 22, 36), (5, 26, 27)]
예측 개수: 10


[423회차]
당첨번호: [1, 17, 27, 28, 29, 40], 보너스: 5
출현빈도 정렬: [37, 40, 1, 20, 5, 17, 34, 14, 19, 45, 18, 36, 3, 25, 42, 2, 4, 11, 21, 26, 27, 15, 24, 39, 10, 31, 7, 43, 13, 16, 8, 44, 33, 35, 29, 6, 32, 9, 12, 30, 22, 28, 41, 23, 38]
사용한 3개 순위 패턴 10개: [(46, 46, 46), (4, 46, 46), (3, 46, 46), (6, 24, 33), (15, 17, 31), (17, 46, 46), (5, 9, 17), (8, 46, 46), (13, 22, 36), (5, 26, 27)]
예측 개수: 10


[424회차]
당첨번호: [10, 11, 26, 31, 34, 44], 보너스: 30
출현빈도 정렬: [37, 40, 1, 17, 20, 5, 34, 14, 19, 45, 18, 36, 3, 25, 27, 42, 2, 4, 11, 21, 26, 15, 24, 39, 10, 31, 7, 43, 13, 16, 8, 44, 29, 33, 35, 6, 32, 9, 12, 30, 22, 28, 41, 23, 38]
사용한 3개 순위 패턴 10개: [(46, 46, 46), (4, 46, 46), (3, 46, 46), (6, 24, 33), (15, 17, 31), (17, 46, 46), (5, 9, 17), (8, 46, 46), (13, 22, 36), (5, 26, 27)]
예측 개수: 10


[425회차]
당첨번호: [8, 10, 14, 27, 33, 38], 보너스: 3
출현빈도 정렬: [37, 40, 1, 17, 20, 34, 5, 14, 19, 45, 18, 36, 3, 11, 25, 26, 27, 42, 2, 4, 21, 10, 15, 24, 31, 39, 7, 43, 13, 16, 44, 8, 29, 33, 35, 6, 32, 9, 12, 30, 22, 28, 41, 23, 38]
사용한 3개 순위 패턴 10개: [(46, 46, 46), (4, 46, 46), (3, 46, 46), (6, 24, 33), (15, 17, 31), (17, 46, 46), (5, 9, 17), (8, 46, 46), (13, 22, 36), (5, 26, 27)]
예측 개수: 10


[426회차]
당첨번호: [4, 17, 18, 27, 39, 43], 보너스: 19
출현빈도 정렬: [37, 40, 1, 17, 20, 34, 5, 14, 19, 45, 18, 36, 27, 3, 11, 25, 26, 42, 2, 4, 10, 21, 15, 24, 31, 39, 7, 43, 8, 13, 16, 44, 33, 29, 35, 6, 32, 9, 12, 30, 22, 28, 41, 23, 38]
사용한 3개 순위 패턴 10개: [(46, 46, 46), (4, 46, 46), (3, 46, 46), (6, 24, 33), (15, 17, 31), (17, 46, 46), (5, 9, 17), (8, 46, 46), (13, 22, 36), (5, 26, 27)]
예측 개수: 10


[427회차]
당첨번호: [6, 7, 15, 24, 28, 30], 보너스: 21
출현빈도 정렬: [37, 40, 1, 17, 20, 34, 5, 14, 19, 45, 18, 27, 36, 3, 4, 11, 25, 26, 42, 2, 10, 21, 39, 15, 24, 31, 43, 7, 8, 13, 16, 44, 33, 29, 35, 6, 32, 9, 12, 30, 22, 28, 41, 23, 38]
사용한 3개 순위 패턴 10개: [(46, 46, 46), (4, 46, 46), (3, 46, 46), (6, 24, 33), (15, 17, 31), (17, 46, 46), (5, 9, 17), (8, 46, 46), (13, 22, 36), (5, 26, 27)]
예측 개수: 10


[428회차]
당첨번호: [12, 16, 19, 22, 37, 40], 보너스: 8
출현빈도 정렬: [37, 40, 1, 17, 20, 34, 5, 14, 19, 45, 18, 27, 36, 3, 4, 11, 25, 26, 42, 2, 10, 15, 21, 24, 39, 31, 7, 43, 8, 13, 16, 44, 33, 29, 35, 6, 30, 32, 9, 12, 28, 22, 41, 23, 38]
사용한 3개 순위 패턴 10개: [(46, 46, 46), (4, 46, 46), (3, 46, 46), (6, 24, 33), (15, 17, 31), (17, 46, 46), (5, 9, 17), (8, 46, 46), (13, 22, 36), (5, 26, 27)]
예측 개수: 10


[429회차]
당첨번호: [3, 23, 28, 34, 39, 42], 보너스: 16
출현빈도 정렬: [37, 40, 1, 17, 20, 34, 5, 14, 19, 45, 18, 27, 36, 3, 4, 11, 25, 26, 42, 2, 10, 15, 21, 24, 39, 31, 7, 43, 16, 8, 13, 44, 33, 29, 35, 6, 12, 30, 32, 9, 22, 28, 41, 23, 38]
사용한 3개 순위 패턴 10개: [(46, 46, 46), (4, 46, 46), (3, 46, 46), (6, 24, 33), (15, 17, 31), (17, 46, 46), (5, 9, 17), (8, 46, 46), (13, 22, 36), (5, 26, 27)]
예측 개수: 10


[430회차]
당첨번호: [1, 3, 16, 18, 30, 34], 보너스: 44
출현빈도 정렬: [37, 40, 1, 17, 34, 20, 5, 14, 19, 45, 18, 27, 36, 3, 42, 4, 11, 25, 26, 39, 2, 10, 15, 21, 24, 31, 7, 43, 16, 8, 13, 44, 33, 29, 35, 6, 12, 28, 30, 32, 9, 22, 23, 41, 38]
사용한 3개 순위 패턴 10개: [(46, 46, 46), (4, 46, 46), (3, 46, 46), (6, 24, 33), (15, 17, 31), (17, 46, 46), (5, 9, 17), (8, 46, 46), (13, 22, 36), (5, 26, 27)]
예측 개수: 10


[431회차]
당첨번호: [18, 22, 25, 31, 38, 45], 보너스: 6
출현빈도 정렬: [37, 40, 1, 34, 17, 20, 5, 14, 19, 18, 45, 3, 27, 36, 42, 4, 11, 25, 26, 39, 2, 10, 15, 21, 24, 31, 7, 16, 43, 8, 13, 44, 33, 29, 35, 6, 30, 12, 28, 32, 9, 22, 23, 41, 38]
사용한 3개 순위 패턴 10개: [(46, 46, 46), (4, 46, 46), (3, 46, 46), (6, 24, 33), (15, 17, 31), (17, 46, 46), (5, 9, 17), (8, 46, 46), (13, 22, 36), (5, 26, 27)]
예측 개수: 10


[432회차]
당첨번호: [2, 3, 5, 11, 27, 39], 보너스: 33
출현빈도 정렬: [37, 40, 1, 34, 17, 20, 5, 14, 18, 19, 45, 3, 27, 36, 25, 42, 4, 11, 26, 39, 2, 10, 15, 21, 24, 31, 7, 16, 43, 8, 13, 44, 33, 29, 35, 6, 30, 12, 22, 28, 32, 9, 23, 41, 38]
사용한 3개 순위 패턴 10개: [(46, 46, 46), (4, 46, 46), (3, 46, 46), (6, 24, 33), (15, 17, 31), (17, 46, 46), (5, 9, 17), (8, 46, 46), (13, 22, 36), (5, 26, 27)]
예측 개수: 10


[433회차]
당첨번호: [19, 23, 29, 33, 35, 43], 보너스: 27
출현빈도 정렬: [37, 40, 1, 34, 17, 5, 20, 14, 18, 19, 45, 3, 27, 36, 11, 25, 39, 42, 2, 4, 26, 10, 15, 21, 24, 31, 7, 16, 43, 8, 13, 44, 33, 29, 35, 6, 30, 12, 22, 28, 32, 9, 23, 41, 38]
사용한 3개 순위 패턴 10개: [(46, 46, 46), (4, 46, 46), (3, 46, 46), (6, 24, 33), (15, 17, 31), (17, 46, 46), (5, 9, 17), (8, 46, 46), (13, 22, 36), (5, 26, 27)]
예측 개수: 10


[434회차]
당첨번호: [3, 13, 20, 24, 33, 37], 보너스: 35
출현빈도 정렬: [37, 40, 1, 34, 17, 5, 19, 20, 14, 18, 45, 3, 27, 36, 11, 25, 39, 42, 2, 4, 26, 10, 15, 21, 24, 31, 43, 7, 16, 8, 13, 33, 44, 29, 35, 6, 30, 12, 22, 28, 32, 9, 23, 41, 38]
사용한 3개 순위 패턴 10개: [(46, 46, 46), (4, 46, 46), (3, 46, 46), (6, 24, 33), (15, 17, 31), (17, 46, 46), (5, 9, 17), (8, 46, 46), (13, 22, 36), (5, 26, 27)]
예측 개수: 10


[435회차]
당첨번호: [8, 16, 26, 30, 38, 45], 보너스: 42
출현빈도 정렬: [37, 40, 1, 34, 17, 20, 5, 19, 14, 18, 45, 3, 27, 36, 11, 25, 39, 42, 2, 4, 24, 26, 10, 15, 21, 31, 43, 7, 16, 13, 33, 8, 44, 29, 35, 6, 30, 12, 22, 28, 32, 9, 23, 41, 38]
사용한 3개 순위 패턴 10개: [(46, 46, 46), (4, 46, 46), (3, 46, 46), (6, 24, 33), (15, 17, 31), (17, 46, 46), (5, 9, 17), (8, 46, 46), (13, 22, 36), (5, 26, 27)]
예측 개수: 10


[436회차]
당첨번호: [9, 14, 20, 22, 33, 34], 보너스: 28
출현빈도 정렬: [37, 40, 1, 34, 17, 20, 5, 19, 45, 14, 18, 3, 27, 36, 11, 25, 26, 39, 42, 2, 4, 24, 10, 15, 21, 31, 16, 43, 7, 8, 13, 33, 44, 29, 35, 30, 6, 12, 22, 28, 32, 9, 23, 38, 41]
사용한 3개 순위 패턴 10개: [(46, 46, 46), (4, 46, 46), (3, 46, 46), (6, 24, 33), (15, 17, 31), (17, 46, 46), (5, 9, 17), (8, 46, 46), (13, 22, 36), (5, 26, 27)]
예측 개수: 10


[437회차]
당첨번호: [11, 16, 29, 38, 41, 44], 보너스: 21
출현빈도 정렬: [37, 40, 1, 34, 20, 17, 5, 14, 19, 45, 18, 3, 27, 36, 11, 25, 26, 39, 42, 2, 4, 24, 10, 15, 21, 31, 16, 43, 7, 33, 8, 13, 44, 29, 35, 30, 6, 22, 9, 12, 28, 32, 23, 38, 41]
사용한 3개 순위 패턴 10개: [(46, 46, 46), (4, 46, 46), (3, 46, 46), (6, 24, 33), (15, 17, 31), (17, 46, 46), (5, 9, 17), (8, 46, 46), (13, 22, 36), (5, 26, 27)]
예측 개수: 10


[438회차]
당첨번호: [6, 12, 20, 26, 29, 38], 보너스: 45
출현빈도 정렬: [37, 40, 1, 34, 20, 17, 5, 14, 19, 45, 18, 3, 27, 11, 36, 25, 26, 39, 42, 2, 4, 24, 10, 15, 16, 21, 31, 43, 7, 33, 8, 13, 44, 29, 35, 30, 6, 22, 9, 12, 28, 32, 23, 38, 41]
사용한 3개 순위 패턴 10개: [(46, 46, 46), (4, 46, 46), (3, 46, 46), (6, 24, 33), (15, 17, 31), (17, 46, 46), (5, 9, 17), (8, 46, 46), (13, 22, 36), (5, 26, 27)]
예측 개수: 10


[439회차]
당첨번호: [17, 20, 30, 31, 37, 40], 보너스: 25
출현빈도 정렬: [37, 40, 1, 20, 34, 17, 5, 14, 19, 45, 18, 3, 27, 11, 26, 36, 25, 39, 42, 2, 4, 24, 10, 15, 16, 21, 31, 43, 7, 33, 8, 13, 29, 44, 35, 6, 30, 12, 22, 9, 28, 32, 38, 23, 41]
사용한 3개 순위 패턴 10개: [(46, 46, 46), (4, 46, 46), (3, 46, 46), (6, 24, 33), (15, 17, 31), (17, 46, 46), (5, 9, 17), (8, 46, 46), (13, 22, 36), (5, 26, 27)]
예측 개수: 10


[440회차]
당첨번호: [10, 22, 28, 34, 36, 44], 보너스: 2
출현빈도 정렬: [37, 40, 20, 1, 34, 17, 5, 14, 19, 45, 18, 3, 27, 11, 26, 36, 25, 39, 42, 2, 4, 24, 31, 10, 15, 16, 21, 43, 7, 33, 8, 13, 29, 44, 30, 35, 6, 12, 22, 9, 28, 32, 38, 23, 41]
사용한 3개 순위 패턴 10개: [(46, 46, 46), (4, 46, 46), (3, 46, 46), (6, 24, 33), (15, 17, 31), (17, 46, 46), (5, 9, 17), (8, 46, 46), (5, 34, 37), (13, 22, 36)]
예측 개수: 10


[441회차]
당첨번호: [1, 23, 28, 30, 34, 35], 보너스: 9
출현빈도 정렬: [37, 40, 20, 34, 1, 17, 5, 14, 19, 45, 18, 3, 27, 36, 11, 26, 25, 39, 42, 2, 4, 10, 24, 31, 15, 16, 21, 43, 7, 33, 44, 8, 13, 29, 30, 35, 6, 22, 12, 28, 9, 32, 38, 23, 41]
사용한 3개 순위 패턴 10개: [(46, 46, 46), (4, 46, 46), (3, 46, 46), (6, 24, 33), (15, 17, 31), (17, 46, 46), (5, 9, 17), (8, 46, 46), (5, 34, 37), (13, 22, 36)]
예측 개수: 10


[442회차]
당첨번호: [25, 27, 29, 36, 38, 40], 보너스: 41
출현빈도 정렬: [37, 34, 40, 1, 20, 17, 5, 14, 19, 45, 18, 3, 27, 36, 11, 26, 25, 39, 42, 2, 4, 10, 24, 31, 15, 16, 21, 43, 7, 33, 44, 8, 13, 29, 30, 35, 6, 22, 28, 12, 9, 32, 23, 38, 41]
사용한 3개 순위 패턴 10개: [(46, 46, 46), (4, 46, 46), (3, 46, 46), (6, 24, 33), (15, 17, 31), (17, 46, 46), (5, 9, 17), (8, 46, 46), (5, 34, 37), (13, 22, 36)]
예측 개수: 10


[443회차]
당첨번호: [4, 6, 10, 19, 20, 44], 보너스: 14
출현빈도 정렬: [37, 40, 34, 1, 20, 17, 5, 14, 19, 45, 18, 3, 27, 36, 11, 25, 26, 39, 42, 2, 4, 10, 24, 31, 15, 16, 21, 43, 7, 29, 33, 44, 8, 13, 30, 35, 6, 22, 28, 12, 9, 32, 38, 23, 41]
사용한 3개 순위 패턴 10개: [(46, 46, 46), (4, 46, 46), (3, 46, 46), (6, 24, 33), (15, 17, 31), (17, 46, 46), (5, 9, 17), (8, 46, 46), (5, 34, 37), (13, 22, 36)]
예측 개수: 10


[444회차]
당첨번호: [11, 13, 23, 35, 43, 45], 보너스: 17
출현빈도 정렬: [37, 40, 20, 34, 1, 17, 19, 5, 14, 45, 18, 3, 27, 36, 11, 25, 26, 4, 10, 39, 42, 2, 24, 31, 15, 16, 21, 43, 44, 7, 29, 33, 8, 13, 30, 35, 6, 22, 28, 12, 9, 32, 38, 23, 41]
사용한 3개 순위 패턴 10개: [(46, 46, 46), (4, 46, 46), (3, 46, 46), (6, 24, 33), (15, 17, 31), (17, 46, 46), (5, 9, 17), (8, 46, 46), (5, 34, 37), (13, 22, 36)]
예측 개수: 10


[445회차]
당첨번호: [13, 20, 21, 30, 39, 45], 보너스: 32
출현빈도 정렬: [37, 40, 20, 34, 1, 17, 19, 45, 5, 14, 18, 3, 27, 36, 11, 25, 26, 4, 10, 39, 42, 2, 24, 31, 15, 16, 21, 43, 44, 7, 13, 29, 33, 8, 35, 30, 6, 22, 28, 12, 9, 32, 23, 38, 41]
사용한 3개 순위 패턴 10개: [(46, 46, 46), (4, 46, 46), (3, 46, 46), (6, 24, 33), (15, 17, 31), (17, 46, 46), (5, 9, 17), (8, 46, 46), (5, 34, 37), (13, 22, 36)]
예측 개수: 10


[446회차]
당첨번호: [1, 11, 12, 14, 26, 35], 보너스: 6
출현빈도 정렬: [20, 37, 40, 34, 1, 17, 45, 19, 5, 14, 18, 3, 27, 36, 11, 25, 26, 39, 4, 10, 42, 2, 21, 24, 31, 15, 16, 43, 13, 44, 7, 29, 33, 8, 30, 35, 6, 22, 28, 12, 9, 32, 23, 38, 41]
사용한 3개 순위 패턴 10개: [(46, 46, 46), (4, 46, 46), (3, 46, 46), (6, 24, 33), (15, 17, 31), (17, 46, 46), (5, 9, 17), (8, 46, 46), (5, 34, 37), (13, 22, 36)]
예측 개수: 10


[447회차]
당첨번호: [2, 7, 8, 9, 17, 33], 보너스: 34
출현빈도 정렬: [20, 37, 40, 1, 34, 17, 45, 14, 19, 5, 18, 3, 11, 27, 36, 26, 25, 39, 4, 10, 42, 2, 21, 24, 31, 15, 16, 43, 13, 44, 7, 29, 33, 35, 8, 30, 6, 12, 22, 28, 9, 32, 23, 38, 41]
사용한 3개 순위 패턴 10개: [(46, 46, 46), (4, 46, 46), (3, 46, 46), (6, 24, 33), (15, 17, 31), (17, 46, 46), (5, 9, 17), (8, 46, 46), (5, 34, 37), (13, 22, 36)]
예측 개수: 10


[448회차]
당첨번호: [3, 7, 13, 27, 40, 41], 보너스: 36
출현빈도 정렬: [20, 37, 40, 1, 34, 17, 45, 14, 19, 5, 18, 3, 11, 27, 36, 26, 25, 39, 2, 4, 10, 42, 21, 24, 31, 15, 16, 43, 7, 13, 33, 44, 8, 29, 35, 30, 6, 12, 22, 28, 9, 32, 23, 38, 41]
사용한 3개 순위 패턴 10개: [(46, 46, 46), (4, 46, 46), (3, 46, 46), (6, 24, 33), (15, 17, 31), (10, 17, 40), (17, 46, 46), (5, 9, 17), (8, 46, 46), (5, 34, 37)]
예측 개수: 10


[449회차]
당첨번호: [3, 10, 20, 26, 35, 43], 보너스: 36
출현빈도 정렬: [40, 20, 37, 1, 34, 17, 45, 14, 19, 5, 3, 18, 27, 11, 36, 26, 25, 39, 2, 4, 10, 42, 21, 24, 31, 7, 13, 15, 16, 43, 33, 44, 8, 29, 35, 30, 6, 12, 22, 28, 9, 32, 23, 38, 41]
사용한 3개 순위 패턴 10개: [(46, 46, 46), (4, 46, 46), (3, 46, 46), (6, 24, 33), (15, 17, 31), (10, 17, 40), (17, 46, 46), (5, 9, 17), (8, 46, 46), (5, 34, 37)]
예측 개수: 10


[450회차]
당첨번호: [6, 14, 19, 21, 23, 31], 보너스: 13
출현빈도 정렬: [20, 40, 37, 1, 34, 17, 45, 14, 19, 3, 5, 18, 27, 11, 26, 36, 10, 25, 39, 2, 4, 42, 21, 24, 31, 43, 7, 13, 15, 16, 33, 35, 44, 8, 29, 30, 6, 12, 22, 28, 9, 32, 23, 38, 41]
사용한 3개 순위 패턴 10개: [(46, 46, 46), (4, 46, 46), (3, 46, 46), (6, 24, 33), (15, 17, 31), (10, 17, 40), (17, 46, 46), (5, 9, 17), (8, 46, 46), (5, 34, 37)]
예측 개수: 10


[451회차]
당첨번호: [12, 15, 20, 24, 30, 38], 보너스: 29
출현빈도 정렬: [20, 40, 37, 1, 34, 17, 14, 19, 45, 3, 5, 18, 27, 11, 26, 36, 10, 25, 39, 2, 4, 21, 31, 42, 24, 43, 7, 13, 15, 16, 33, 35, 44, 8, 29, 30, 6, 12, 22, 28, 9, 23, 32, 38, 41]
사용한 3개 순위 패턴 10개: [(46, 46, 46), (4, 46, 46), (3, 46, 46), (6, 24, 33), (15, 17, 31), (10, 17, 40), (17, 46, 46), (5, 9, 17), (8, 46, 46), (5, 34, 37)]
예측 개수: 10


[452회차]
당첨번호: [8, 10, 18, 30, 32, 34], 보너스: 27
출현빈도 정렬: [20, 40, 37, 1, 34, 17, 14, 19, 45, 3, 5, 18, 27, 11, 26, 36, 10, 25, 39, 2, 4, 21, 24, 31, 42, 15, 43, 7, 13, 16, 33, 35, 44, 8, 29, 30, 6, 12, 22, 28, 9, 23, 32, 38, 41]
사용한 3개 순위 패턴 10개: [(46, 46, 46), (4, 46, 46), (3, 46, 46), (6, 24, 33), (15, 17, 31), (10, 17, 40), (17, 46, 46), (5, 9, 17), (8, 46, 46), (5, 34, 37)]
예측 개수: 10


[453회차]
당첨번호: [12, 24, 33, 38, 40, 42], 보너스: 30
출현빈도 정렬: [20, 40, 34, 37, 1, 17, 14, 19, 45, 3, 5, 18, 27, 11, 26, 36, 10, 25, 39, 2, 4, 21, 24, 31, 42, 15, 43, 7, 13, 16, 8, 30, 33, 35, 44, 29, 6, 12, 22, 28, 9, 32, 23, 38, 41]
사용한 3개 순위 패턴 10개: [(46, 46, 46), (4, 46, 46), (3, 46, 46), (6, 24, 33), (15, 17, 31), (10, 17, 40), (17, 46, 46), (5, 9, 17), (8, 46, 46), (5, 34, 37)]
예측 개수: 10


[454회차]
당첨번호: [13, 25, 27, 34, 38, 41], 보너스: 10
출현빈도 정렬: [20, 40, 34, 37, 1, 17, 14, 19, 45, 3, 5, 18, 27, 11, 26, 36, 10, 24, 25, 39, 42, 2, 4, 21, 31, 15, 43, 7, 13, 16, 33, 8, 30, 35, 44, 29, 6, 12, 22, 28, 9, 32, 38, 23, 41]
사용한 3개 순위 패턴 10개: [(46, 46, 46), (4, 46, 46), (3, 46, 46), (6, 24, 33), (15, 17, 31), (10, 17, 40), (17, 46, 46), (5, 9, 17), (8, 46, 46), (5, 34, 37)]
예측 개수: 10


[455회차]
당첨번호: [4, 19, 20, 26, 30, 35], 보너스: 24
출현빈도 정렬: [20, 40, 34, 37, 1, 17, 14, 19, 45, 3, 5, 18, 27, 11, 26, 36, 10, 25, 24, 39, 42, 2, 4, 21, 31, 13, 15, 43, 7, 16, 33, 8, 30, 35, 44, 29, 6, 12, 22, 28, 38, 9, 32, 23, 41]
사용한 3개 순위 패턴 10개: [(46, 46, 46), (4, 46, 46), (3, 46, 46), (6, 24, 33), (15, 17, 31), (10, 17, 40), (17, 46, 46), (5, 9, 17), (8, 46, 46), (5, 34, 37)]
예측 개수: 10


[456회차]
당첨번호: [1, 7, 12, 18, 23, 27], 보너스: 44
출현빈도 정렬: [20, 40, 34, 37, 1, 17, 19, 14, 45, 3, 5, 18, 27, 26, 11, 36, 10, 25, 4, 24, 39, 42, 2, 21, 31, 13, 15, 43, 7, 16, 30, 33, 35, 8, 44, 29, 6, 12, 22, 28, 38, 9, 32, 23, 41]
사용한 3개 순위 패턴 10개: [(46, 46, 46), (4, 46, 46), (3, 46, 46), (6, 24, 33), (15, 17, 31), (10, 17, 40), (17, 46, 46), (5, 9, 17), (8, 46, 46), (5, 34, 37)]
예측 개수: 10


[457회차]
당첨번호: [8, 10, 18, 23, 27, 40], 보너스: 33
출현빈도 정렬: [20, 40, 34, 1, 37, 17, 19, 14, 45, 18, 27, 3, 5, 26, 11, 36, 10, 25, 4, 24, 39, 42, 2, 21, 31, 7, 13, 15, 43, 16, 30, 33, 35, 8, 44, 29, 12, 6, 22, 28, 38, 9, 23, 32, 41]
사용한 3개 순위 패턴 10개: [(46, 46, 46), (4, 46, 46), (3, 46, 46), (6, 24, 33), (15, 17, 31), (10, 17, 40), (17, 46, 46), (5, 9, 17), (8, 46, 46), (5, 34, 37)]
예측 개수: 10


[458회차]
당첨번호: [4, 9, 10, 32, 36, 40], 보너스: 18
출현빈도 정렬: [20, 40, 34, 1, 37, 17, 19, 14, 18, 27, 45, 3, 5, 26, 10, 11, 36, 25, 4, 24, 39, 42, 2, 21, 31, 7, 13, 15, 43, 8, 16, 30, 33, 35, 44, 29, 12, 6, 22, 23, 28, 38, 9, 32, 41]
사용한 3개 순위 패턴 10개: [(46, 46, 46), (4, 46, 46), (3, 46, 46), (6, 24, 33), (15, 17, 31), (10, 17, 40), (17, 46, 46), (5, 9, 17), (8, 46, 46), (5, 34, 37)]
예측 개수: 10


[459회차]
당첨번호: [4, 6, 10, 14, 25, 40], 보너스: 12
출현빈도 정렬: [40, 20, 34, 1, 37, 17, 19, 14, 18, 27, 45, 3, 5, 10, 26, 36, 11, 4, 25, 24, 39, 42, 2, 21, 31, 7, 13, 15, 43, 8, 16, 30, 33, 35, 44, 29, 12, 6, 9, 22, 23, 28, 32, 38, 41]
사용한 3개 순위 패턴 10개: [(46, 46, 46), (4, 46, 46), (3, 46, 46), (6, 24, 33), (15, 17, 31), (10, 17, 40), (17, 46, 46), (5, 9, 17), (8, 46, 46), (5, 34, 37)]
예측 개수: 10


[460회차]
당첨번호: [8, 11, 28, 30, 43, 45], 보너스: 41
출현빈도 정렬: [40, 20, 34, 1, 37, 14, 17, 19, 18, 27, 45, 3, 5, 10, 26, 36, 4, 11, 25, 24, 39, 42, 2, 21, 31, 7, 13, 15, 43, 8, 16, 30, 33, 35, 44, 29, 6, 12, 9, 22, 23, 28, 32, 38, 41]
사용한 3개 순위 패턴 10개: [(46, 46, 46), (4, 46, 46), (3, 46, 46), (6, 24, 33), (15, 17, 31), (10, 17, 40), (17, 46, 46), (5, 9, 17), (8, 46, 46), (5, 34, 37)]
예측 개수: 10


[461회차]
당첨번호: [11, 18, 26, 31, 37, 40], 보너스: 43
출현빈도 정렬: [40, 20, 34, 1, 37, 14, 17, 19, 45, 18, 27, 3, 5, 10, 11, 26, 36, 4, 25, 24, 39, 42, 2, 21, 31, 43, 7, 8, 13, 15, 30, 16, 33, 35, 44, 29, 6, 12, 28, 9, 22, 23, 32, 38, 41]
사용한 3개 순위 패턴 10개: [(46, 46, 46), (4, 46, 46), (3, 46, 46), (6, 24, 33), (15, 17, 31), (1, 14, 19), (10, 17, 40), (17, 46, 46), (5, 9, 17), (8, 46, 46)]
예측 개수: 10


[462회차]
당첨번호: [3, 20, 24, 32, 37, 45], 보너스: 4
출현빈도 정렬: [40, 20, 34, 37, 1, 14, 17, 18, 19, 45, 27, 3, 5, 10, 11, 26, 36, 4, 25, 24, 31, 39, 42, 2, 21, 43, 7, 8, 13, 15, 30, 16, 33, 35, 44, 29, 6, 12, 28, 9, 22, 23, 32, 38, 41]
사용한 3개 순위 패턴 10개: [(46, 46, 46), (4, 46, 46), (3, 46, 46), (6, 24, 33), (15, 17, 31), (1, 14, 19), (10, 17, 40), (17, 46, 46), (5, 9, 17), (8, 46, 46)]
예측 개수: 10


[463회차]
당첨번호: [23, 29, 31, 33, 34, 44], 보너스: 40
출현빈도 정렬: [40, 20, 37, 34, 1, 45, 14, 17, 18, 19, 27, 3, 5, 10, 11, 26, 36, 4, 25, 24, 31, 39, 42, 2, 21, 43, 7, 8, 13, 15, 30, 16, 33, 35, 44, 29, 6, 12, 28, 32, 9, 22, 23, 38, 41]
사용한 3개 순위 패턴 10개: [(46, 46, 46), (4, 46, 46), (3, 46, 46), (6, 24, 33), (15, 17, 31), (1, 14, 19), (10, 17, 40), (17, 46, 46), (5, 9, 17), (8, 46, 46)]
예측 개수: 10


[464회차]
당첨번호: [6, 12, 15, 34, 42, 44], 보너스: 4
출현빈도 정렬: [40, 20, 34, 37, 1, 45, 14, 17, 18, 19, 27, 3, 5, 10, 11, 26, 36, 4, 25, 24, 31, 39, 42, 2, 21, 43, 7, 8, 13, 15, 30, 33, 16, 35, 44, 29, 6, 12, 23, 28, 32, 9, 22, 38, 41]
사용한 3개 순위 패턴 10개: [(46, 46, 46), (4, 46, 46), (3, 46, 46), (6, 24, 33), (15, 17, 31), (1, 14, 19), (10, 17, 40), (17, 46, 46), (5, 9, 17), (8, 46, 46)]
예측 개수: 10


[465회차]
당첨번호: [1, 8, 11, 13, 22, 38], 보너스: 31
출현빈도 정렬: [40, 20, 34, 37, 1, 45, 14, 17, 18, 19, 27, 3, 5, 10, 11, 26, 36, 4, 25, 24, 31, 42, 39, 2, 15, 21, 43, 7, 8, 13, 30, 33, 44, 16, 35, 29, 6, 12, 23, 28, 32, 9, 22, 38, 41]
사용한 3개 순위 패턴 10개: [(46, 46, 46), (4, 46, 46), (3, 46, 46), (6, 24, 33), (15, 17, 31), (1, 14, 19), (10, 17, 40), (17, 46, 46), (5, 9, 17), (8, 46, 46)]
예측 개수: 10


[466회차]
당첨번호: [4, 10, 13, 23, 32, 44], 보너스: 20
출현빈도 정렬: [40, 20, 34, 37, 1, 45, 14, 17, 18, 19, 27, 3, 11, 5, 10, 26, 36, 4, 25, 24, 31, 42, 39, 2, 8, 13, 15, 21, 43, 7, 30, 33, 44, 16, 35, 29, 6, 12, 22, 23, 28, 32, 38, 9, 41]
사용한 3개 순위 패턴 10개: [(46, 46, 46), (4, 46, 46), (3, 46, 46), (6, 24, 33), (15, 17, 31), (1, 14, 19), (10, 17, 40), (17, 46, 46), (5, 9, 17), (8, 46, 46)]
예측 개수: 10


[467회차]
당첨번호: [2, 12, 14, 17, 24, 40], 보너스: 39
출현빈도 정렬: [40, 20, 34, 37, 1, 45, 14, 17, 18, 19, 27, 3, 10, 11, 5, 26, 4, 36, 25, 24, 31, 42, 13, 39, 2, 8, 15, 21, 43, 44, 7, 30, 33, 16, 35, 29, 6, 12, 23, 32, 22, 28, 38, 9, 41]
사용한 3개 순위 패턴 10개: [(46, 46, 46), (4, 46, 46), (3, 46, 46), (6, 24, 33), (15, 17, 31), (1, 14, 19), (10, 17, 40), (17, 46, 46), (5, 9, 17), (8, 46, 46)]
예측 개수: 10


[468회차]
당첨번호: [8, 13, 15, 28, 37, 43], 보너스: 17
출현빈도 정렬: [40, 20, 34, 37, 1, 14, 17, 45, 18, 19, 27, 3, 10, 11, 5, 26, 4, 36, 24, 25, 31, 42, 2, 13, 39, 8, 15, 21, 43, 44, 7, 30, 33, 16, 35, 12, 29, 6, 23, 32, 22, 28, 38, 9, 41]
사용한 3개 순위 패턴 10개: [(46, 46, 46), (4, 46, 46), (3, 46, 46), (6, 24, 33), (15, 17, 31), (1, 14, 19), (10, 17, 40), (17, 46, 46), (5, 9, 17), (8, 46, 46)]
예측 개수: 10


[469회차]
당첨번호: [4, 21, 22, 34, 37, 38], 보너스: 33
출현빈도 정렬: [40, 20, 34, 37, 1, 14, 17, 45, 18, 19, 27, 3, 10, 11, 5, 26, 4, 36, 24, 25, 13, 31, 42, 2, 8, 15, 39, 43, 21, 44, 7, 30, 33, 16, 35, 12, 29, 6, 23, 28, 32, 22, 38, 9, 41]
사용한 3개 순위 패턴 10개: [(46, 46, 46), (4, 46, 46), (3, 46, 46), (6, 24, 33), (15, 17, 31), (1, 14, 19), (10, 17, 40), (17, 46, 46), (5, 9, 17), (8, 46, 46)]
예측 개수: 10


[470회차]
당첨번호: [10, 16, 20, 39, 41, 42], 보너스: 27
출현빈도 정렬: [40, 20, 34, 37, 1, 14, 17, 45, 18, 19, 27, 3, 10, 11, 4, 5, 26, 36, 24, 25, 13, 31, 42, 2, 8, 15, 21, 39, 43, 44, 7, 30, 33, 16, 35, 12, 29, 6, 22, 23, 28, 32, 38, 9, 41]
사용한 3개 순위 패턴 10개: [(46, 46, 46), (4, 46, 46), (3, 46, 46), (6, 24, 33), (15, 17, 31), (1, 14, 19), (10, 17, 40), (17, 46, 46), (5, 9, 17), (8, 46, 46)]
예측 개수: 10


[471회차]
당첨번호: [6, 13, 29, 37, 39, 41], 보너스: 43
출현빈도 정렬: [40, 20, 34, 37, 1, 14, 17, 45, 18, 19, 10, 27, 3, 11, 4, 5, 26, 36, 24, 25, 42, 13, 31, 39, 2, 8, 15, 21, 43, 44, 7, 16, 30, 33, 35, 12, 29, 6, 22, 23, 28, 32, 38, 9, 41]
사용한 3개 순위 패턴 10개: [(46, 46, 46), (4, 46, 46), (3, 46, 46), (6, 24, 33), (15, 17, 31), (1, 14, 19), (10, 17, 40), (17, 46, 46), (5, 9, 17), (8, 46, 46)]
예측 개수: 10


[472회차]
당첨번호: [16, 25, 26, 31, 36, 43], 보너스: 44
출현빈도 정렬: [40, 20, 37, 34, 1, 14, 17, 45, 18, 19, 10, 27, 3, 11, 4, 5, 26, 36, 13, 24, 25, 39, 42, 31, 2, 8, 15, 21, 43, 44, 7, 16, 30, 33, 29, 35, 6, 12, 22, 23, 28, 32, 38, 9, 41]
사용한 3개 순위 패턴 10개: [(46, 46, 46), (4, 46, 46), (3, 46, 46), (6, 24, 33), (15, 17, 31), (1, 14, 19), (10, 17, 40), (17, 46, 46), (5, 9, 17), (8, 46, 46)]
예측 개수: 10


[473회차]
당첨번호: [8, 13, 20, 22, 23, 36], 보너스: 34
출현빈도 정렬: [40, 20, 37, 34, 1, 14, 17, 45, 18, 19, 10, 27, 3, 11, 26, 4, 5, 36, 25, 13, 24, 31, 39, 42, 43, 2, 8, 15, 21, 16, 44, 7, 30, 33, 29, 35, 6, 12, 22, 23, 28, 32, 38, 9, 41]
사용한 3개 순위 패턴 10개: [(46, 46, 46), (4, 46, 46), (3, 46, 46), (6, 24, 33), (15, 17, 31), (1, 14, 19), (10, 17, 40), (17, 46, 46), (5, 9, 17), (8, 46, 46)]
예측 개수: 10


[474회차]
당첨번호: [4, 13, 18, 31, 33, 45], 보너스: 43
출현빈도 정렬: [40, 20, 37, 34, 1, 14, 17, 45, 18, 19, 10, 27, 3, 11, 26, 36, 4, 5, 13, 25, 24, 31, 39, 42, 8, 43, 2, 15, 21, 16, 44, 7, 30, 33, 29, 35, 6, 12, 22, 23, 28, 32, 38, 9, 41]
사용한 3개 순위 패턴 10개: [(46, 46, 46), (4, 46, 46), (3, 46, 46), (6, 24, 33), (15, 17, 31), (1, 14, 19), (10, 17, 40), (17, 46, 46), (5, 9, 17), (8, 46, 46)]
예측 개수: 10


[475회차]
당첨번호: [1, 9, 14, 16, 21, 29], 보너스: 3
출현빈도 정렬: [40, 20, 37, 34, 1, 45, 14, 17, 18, 19, 10, 27, 3, 4, 11, 26, 36, 5, 13, 25, 31, 24, 39, 42, 8, 43, 2, 15, 21, 16, 33, 44, 7, 30, 29, 35, 6, 12, 22, 23, 28, 32, 38, 9, 41]
사용한 3개 순위 패턴 10개: [(46, 46, 46), (4, 46, 46), (3, 46, 46), (6, 24, 33), (15, 17, 31), (1, 14, 19), (10, 17, 40), (17, 46, 46), (5, 9, 17), (8, 46, 46)]
예측 개수: 10


[476회차]
당첨번호: [9, 12, 13, 15, 37, 38], 보너스: 27
출현빈도 정렬: [40, 20, 37, 34, 1, 14, 45, 17, 18, 19, 10, 27, 3, 4, 11, 26, 36, 5, 13, 25, 31, 24, 39, 42, 8, 21, 43, 2, 15, 16, 33, 44, 7, 29, 30, 35, 6, 12, 22, 23, 28, 32, 38, 9, 41]
사용한 3개 순위 패턴 10개: [(46, 46, 46), (4, 46, 46), (3, 46, 46), (6, 24, 33), (15, 17, 31), (1, 14, 19), (10, 17, 40), (17, 46, 46), (5, 9, 17), (8, 46, 46)]
예측 개수: 10


[477회차]
당첨번호: [14, 25, 29, 32, 33, 45], 보너스: 37
출현빈도 정렬: [40, 20, 37, 34, 1, 14, 45, 17, 18, 19, 10, 27, 3, 4, 11, 13, 26, 36, 5, 25, 31, 24, 39, 42, 8, 15, 21, 43, 2, 16, 33, 44, 7, 29, 30, 12, 35, 6, 22, 23, 38, 9, 28, 32, 41]
사용한 3개 순위 패턴 10개: [(46, 46, 46), (4, 46, 46), (3, 46, 46), (6, 24, 33), (15, 17, 31), (1, 14, 19), (10, 17, 40), (17, 46, 46), (5, 9, 17), (8, 46, 46)]
예측 개수: 10


[478회차]
당첨번호: [18, 29, 30, 37, 39, 43], 보너스: 8
출현빈도 정렬: [40, 20, 37, 34, 1, 14, 45, 17, 18, 19, 10, 27, 3, 4, 11, 13, 26, 36, 5, 25, 31, 24, 39, 42, 8, 15, 21, 43, 2, 16, 33, 29, 44, 7, 30, 12, 35, 6, 22, 23, 32, 38, 9, 28, 41]
사용한 3개 순위 패턴 10개: [(46, 46, 46), (4, 46, 46), (3, 46, 46), (6, 24, 33), (15, 17, 31), (1, 14, 19), (10, 17, 40), (17, 46, 46), (5, 9, 17), (8, 46, 46)]
예측 개수: 10


[479회차]
당첨번호: [8, 23, 25, 27, 35, 44], 보너스: 24
출현빈도 정렬: [37, 40, 20, 34, 1, 14, 45, 18, 17, 19, 10, 27, 3, 4, 11, 13, 26, 36, 5, 25, 31, 39, 24, 42, 43, 8, 15, 21, 2, 16, 29, 33, 30, 44, 7, 12, 35, 6, 22, 23, 32, 38, 9, 28, 41]
사용한 3개 순위 패턴 10개: [(46, 46, 46), (4, 46, 46), (3, 46, 46), (6, 24, 33), (15, 17, 31), (1, 14, 19), (10, 17, 40), (17, 46, 46), (5, 9, 17), (8, 46, 46)]
예측 개수: 10


[480회차]
당첨번호: [3, 5, 10, 17, 30, 31], 보너스: 16
출현빈도 정렬: [37, 40, 20, 34, 1, 14, 45, 18, 17, 19, 27, 10, 3, 4, 11, 13, 25, 26, 36, 5, 31, 39, 8, 24, 42, 43, 15, 21, 2, 16, 29, 33, 44, 30, 7, 35, 12, 6, 23, 22, 32, 38, 9, 28, 41]
사용한 3개 순위 패턴 10개: [(46, 46, 46), (4, 46, 46), (3, 46, 46), (6, 24, 33), (15, 17, 31), (1, 14, 19), (10, 17, 40), (17, 46, 46), (5, 9, 17), (8, 46, 46)]
예측 개수: 10


[481회차]
당첨번호: [3, 4, 23, 29, 40, 41], 보너스: 20
출현빈도 정렬: [37, 40, 20, 34, 1, 14, 45, 17, 18, 10, 19, 27, 3, 4, 5, 11, 13, 25, 26, 36, 31, 39, 8, 24, 42, 43, 15, 21, 2, 16, 29, 30, 33, 44, 7, 35, 12, 6, 23, 22, 32, 38, 9, 28, 41]
사용한 3개 순위 패턴 10개: [(46, 46, 46), (4, 46, 46), (3, 46, 46), (6, 24, 33), (15, 17, 31), (1, 14, 19), (10, 17, 40), (17, 46, 46), (5, 9, 17), (8, 46, 46)]
예측 개수: 10


[482회차]
당첨번호: [1, 10, 16, 24, 25, 35], 보너스: 43
출현빈도 정렬: [40, 37, 20, 34, 1, 14, 45, 17, 18, 3, 10, 19, 27, 4, 5, 11, 13, 25, 26, 36, 31, 39, 8, 24, 42, 43, 15, 21, 29, 2, 16, 30, 33, 44, 7, 35, 12, 6, 23, 22, 32, 38, 9, 28, 41]
사용한 3개 순위 패턴 10개: [(46, 46, 46), (4, 46, 46), (3, 46, 46), (6, 24, 33), (15, 17, 31), (1, 14, 19), (10, 17, 40), (17, 46, 46), (5, 9, 17), (8, 46, 46)]
예측 개수: 10


[483회차]
당첨번호: [12, 15, 19, 22, 28, 34], 보너스: 5
출현빈도 정렬: [40, 37, 20, 34, 1, 14, 45, 17, 18, 10, 3, 19, 27, 4, 25, 5, 11, 13, 26, 36, 31, 24, 39, 8, 42, 43, 15, 16, 21, 29, 2, 30, 33, 44, 35, 7, 12, 6, 23, 22, 32, 38, 9, 28, 41]
사용한 3개 순위 패턴 10개: [(46, 46, 46), (4, 46, 46), (3, 46, 46), (6, 24, 33), (15, 17, 31), (1, 14, 19), (10, 17, 40), (17, 46, 46), (5, 9, 17), (8, 46, 46)]
예측 개수: 10


[484회차]
당첨번호: [1, 3, 27, 28, 32, 45], 보너스: 11
출현빈도 정렬: [40, 37, 20, 34, 1, 14, 45, 17, 18, 10, 19, 3, 27, 4, 25, 5, 11, 13, 26, 36, 31, 24, 39, 8, 15, 42, 43, 16, 21, 29, 2, 30, 33, 44, 35, 7, 12, 6, 23, 22, 28, 32, 38, 9, 41]
사용한 3개 순위 패턴 10개: [(46, 46, 46), (4, 46, 46), (3, 46, 46), (6, 24, 33), (15, 17, 31), (1, 14, 19), (10, 17, 40), (17, 46, 46), (5, 9, 17), (8, 46, 46)]
예측 개수: 10


[485회차]
당첨번호: [17, 22, 26, 27, 36, 39], 보너스: 20
출현빈도 정렬: [40, 37, 20, 34, 1, 45, 14, 17, 18, 3, 10, 19, 27, 4, 25, 5, 11, 13, 26, 36, 31, 24, 39, 8, 15, 42, 43, 16, 21, 29, 2, 30, 33, 44, 35, 7, 12, 6, 23, 22, 28, 32, 38, 9, 41]
사용한 3개 순위 패턴 10개: [(46, 46, 46), (4, 46, 46), (3, 46, 46), (6, 24, 33), (15, 17, 31), (1, 14, 19), (10, 17, 40), (17, 46, 46), (5, 9, 17), (8, 46, 46)]
예측 개수: 10


[486회차]
당첨번호: [1, 2, 23, 25, 38, 40], 보너스: 43
출현빈도 정렬: [40, 37, 20, 34, 1, 45, 14, 17, 18, 27, 3, 10, 19, 4, 25, 26, 36, 5, 11, 13, 31, 39, 24, 8, 15, 42, 43, 16, 21, 29, 2, 30, 33, 44, 35, 7, 12, 6, 22, 23, 28, 32, 38, 9, 41]
사용한 3개 순위 패턴 10개: [(46, 46, 46), (4, 46, 46), (3, 46, 46), (6, 24, 33), (15, 17, 31), (1, 14, 19), (10, 17, 40), (17, 46, 46), (5, 9, 17), (8, 46, 46)]
예측 개수: 10


[487회차]
당첨번호: [4, 8, 25, 27, 37, 41], 보너스: 21
출현빈도 정렬: [40, 37, 20, 1, 34, 45, 14, 17, 18, 27, 3, 10, 19, 25, 4, 26, 36, 5, 11, 13, 31, 39, 24, 8, 15, 42, 43, 2, 16, 21, 29, 30, 33, 44, 35, 7, 12, 23, 6, 22, 28, 32, 38, 9, 41]
사용한 3개 순위 패턴 10개: [(46, 46, 46), (4, 46, 46), (3, 46, 46), (6, 24, 33), (15, 17, 31), (1, 14, 19), (10, 17, 40), (17, 46, 46), (5, 9, 17), (8, 46, 46)]
예측 개수: 10


[488회차]
당첨번호: [2, 8, 17, 30, 31, 38], 보너스: 25
출현빈도 정렬: [40, 37, 20, 1, 34, 45, 14, 17, 27, 18, 3, 10, 19, 25, 4, 26, 36, 5, 11, 13, 31, 39, 8, 24, 15, 42, 43, 2, 16, 21, 29, 30, 33, 44, 35, 7, 12, 23, 6, 22, 28, 32, 38, 9, 41]
사용한 3개 순위 패턴 10개: [(46, 46, 46), (4, 46, 46), (3, 46, 46), (6, 24, 33), (15, 17, 31), (1, 14, 19), (10, 17, 40), (17, 46, 46), (5, 9, 17), (8, 46, 46)]
예측 개수: 10


[489회차]
당첨번호: [2, 4, 8, 15, 20, 27], 보너스: 11
출현빈도 정렬: [40, 37, 20, 1, 34, 17, 45, 14, 27, 18, 3, 10, 19, 25, 4, 26, 36, 5, 11, 13, 31, 8, 39, 24, 2, 15, 42, 43, 16, 21, 29, 30, 33, 44, 35, 7, 12, 23, 6, 22, 38, 28, 32, 9, 41]
사용한 3개 순위 패턴 10개: [(46, 46, 46), (4, 46, 46), (3, 46, 46), (6, 24, 33), (15, 17, 31), (1, 14, 19), (10, 17, 40), (17, 46, 46), (5, 9, 17), (8, 46, 46)]
예측 개수: 10


[490회차]
당첨번호: [2, 7, 26, 29, 40, 43], 보너스: 42
출현빈도 정렬: [40, 37, 20, 1, 34, 17, 27, 45, 14, 18, 3, 4, 10, 19, 25, 26, 36, 5, 8, 11, 13, 31, 39, 2, 15, 24, 42, 43, 16, 21, 29, 30, 33, 44, 35, 7, 12, 23, 6, 22, 38, 28, 32, 9, 41]
사용한 3개 순위 패턴 10개: [(46, 46, 46), (4, 46, 46), (3, 46, 46), (6, 24, 33), (15, 17, 31), (1, 14, 19), (10, 17, 40), (17, 46, 46), (5, 9, 17), (8, 46, 46)]
예측 개수: 10


[491회차]
당첨번호: [8, 17, 35, 36, 39, 42], 보너스: 4
출현빈도 정렬: [40, 37, 20, 1, 34, 17, 27, 45, 14, 18, 3, 4, 10, 19, 25, 26, 36, 5, 8, 11, 13, 31, 2, 39, 15, 24, 43, 29, 42, 16, 21, 30, 33, 44, 7, 35, 12, 23, 6, 22, 38, 28, 32, 9, 41]
사용한 3개 순위 패턴 10개: [(46, 46, 46), (4, 46, 46), (3, 46, 46), (6, 24, 33), (15, 17, 31), (1, 14, 19), (10, 17, 40), (17, 46, 46), (5, 9, 17), (8, 46, 46)]
예측 개수: 10


[492회차]
당첨번호: [22, 27, 31, 35, 37, 40], 보너스: 42
출현빈도 정렬: [40, 37, 20, 1, 34, 17, 27, 45, 14, 18, 3, 4, 10, 19, 25, 26, 36, 8, 5, 11, 13, 31, 39, 2, 15, 24, 42, 43, 29, 16, 21, 30, 33, 35, 44, 7, 12, 23, 6, 22, 38, 28, 32, 9, 41]
사용한 3개 순위 패턴 10개: [(46, 46, 46), (4, 46, 46), (3, 46, 46), (6, 24, 33), (15, 17, 31), (1, 14, 19), (24, 31, 36), (10, 17, 40), (17, 46, 46), (5, 9, 17)]
예측 개수: 10


[493회차]
당첨번호: [20, 22, 26, 33, 36, 37], 보너스: 25
출현빈도 정렬: [40, 37, 20, 1, 34, 17, 27, 45, 14, 18, 3, 4, 10, 19, 25, 26, 36, 8, 31, 5, 11, 13, 39, 2, 15, 24, 42, 43, 29, 16, 21, 30, 35, 33, 44, 7, 12, 22, 23, 6, 38, 28, 32, 9, 41]
사용한 3개 순위 패턴 10개: [(46, 46, 46), (4, 46, 46), (3, 46, 46), (6, 24, 33), (15, 17, 31), (1, 14, 19), (24, 31, 36), (10, 17, 40), (17, 46, 46), (5, 9, 17)]
예측 개수: 10


[494회차]
당첨번호: [5, 7, 8, 15, 30, 43], 보너스: 22
출현빈도 정렬: [40, 37, 20, 1, 34, 17, 27, 45, 14, 18, 3, 4, 10, 19, 25, 26, 36, 8, 31, 5, 11, 13, 39, 2, 15, 24, 42, 43, 29, 16, 21, 30, 33, 35, 44, 7, 12, 22, 23, 6, 38, 28, 32, 9, 41]
사용한 3개 순위 패턴 10개: [(46, 46, 46), (4, 46, 46), (3, 46, 46), (6, 24, 33), (15, 17, 31), (1, 14, 19), (24, 31, 36), (10, 17, 40), (17, 46, 46), (5, 9, 17)]
예측 개수: 10


[495회차]
당첨번호: [4, 13, 22, 27, 34, 44], 보너스: 6
출현빈도 정렬: [40, 37, 20, 1, 34, 17, 27, 45, 14, 18, 3, 4, 10, 19, 25, 26, 36, 8, 5, 31, 11, 13, 39, 2, 15, 43, 24, 42, 29, 30, 16, 21, 33, 35, 7, 44, 12, 22, 23, 6, 38, 28, 32, 9, 41]
사용한 3개 순위 패턴 10개: [(46, 46, 46), (4, 46, 46), (3, 46, 46), (6, 24, 33), (15, 17, 31), (1, 14, 19), (24, 31, 36), (10, 17, 40), (16, 17, 34), (17, 46, 46)]
예측 개수: 10


[496회차]
당첨번호: [4, 13, 20, 29, 36, 41], 보너스: 39
출현빈도 정렬: [40, 37, 20, 34, 1, 27, 17, 45, 14, 4, 18, 3, 10, 19, 25, 26, 36, 8, 5, 13, 31, 11, 39, 2, 15, 43, 24, 42, 29, 30, 16, 21, 33, 35, 44, 7, 22, 12, 23, 6, 38, 28, 32, 9, 41]
사용한 3개 순위 패턴 10개: [(46, 46, 46), (4, 46, 46), (3, 46, 46), (6, 24, 33), (15, 17, 31), (1, 14, 19), (24, 31, 36), (10, 17, 40), (16, 17, 34), (17, 46, 46)]
예측 개수: 10


[497회차]
당첨번호: [19, 20, 23, 24, 43, 44], 보너스: 13
출현빈도 정렬: [40, 37, 20, 34, 1, 27, 17, 45, 4, 14, 18, 36, 3, 10, 19, 25, 26, 8, 13, 5, 31, 11, 39, 2, 15, 43, 24, 29, 42, 30, 16, 21, 33, 35, 44, 7, 22, 12, 23, 6, 38, 28, 32, 9, 41]
사용한 3개 순위 패턴 10개: [(46, 46, 46), (4, 46, 46), (3, 46, 46), (6, 24, 33), (15, 17, 31), (1, 14, 19), (24, 31, 36), (10, 17, 40), (16, 17, 34), (5, 7, 12)]
예측 개수: 10


[498회차]
당첨번호: [13, 14, 24, 32, 39, 41], 보너스: 3
출현빈도 정렬: [40, 20, 37, 34, 1, 27, 17, 45, 4, 14, 18, 19, 36, 3, 10, 25, 26, 8, 13, 5, 31, 11, 39, 43, 2, 15, 24, 29, 42, 30, 44, 16, 21, 33, 35, 7, 22, 12, 23, 6, 38, 28, 32, 9, 41]
사용한 3개 순위 패턴 10개: [(46, 46, 46), (4, 46, 46), (3, 46, 46), (6, 24, 33), (15, 17, 31), (1, 14, 19), (24, 31, 36), (10, 17, 40), (16, 17, 34), (5, 7, 12)]
예측 개수: 10


[499회차]
당첨번호: [5, 20, 23, 27, 35, 40], 보너스: 43
출현빈도 정렬: [40, 20, 37, 34, 1, 27, 17, 14, 45, 4, 18, 19, 36, 3, 10, 13, 25, 26, 8, 5, 31, 39, 11, 24, 43, 2, 15, 29, 42, 30, 44, 16, 21, 33, 35, 7, 22, 12, 23, 6, 32, 38, 28, 41, 9]
사용한 3개 순위 패턴 10개: [(46, 46, 46), (4, 46, 46), (3, 46, 46), (6, 24, 33), (15, 17, 31), (1, 14, 19), (24, 31, 36), (10, 17, 40), (16, 17, 34), (5, 7, 12)]
예측 개수: 10


[500회차]
당첨번호: [3, 4, 12, 20, 24, 34], 보너스: 41
출현빈도 정렬: [40, 20, 37, 34, 1, 27, 17, 14, 45, 4, 18, 19, 36, 3, 10, 13, 25, 26, 5, 8, 31, 39, 11, 24, 43, 2, 15, 29, 42, 30, 35, 44, 16, 21, 33, 7, 22, 23, 12, 6, 32, 38, 28, 41, 9]
사용한 3개 순위 패턴 10개: [(46, 46, 46), (4, 46, 46), (3, 46, 46), (6, 24, 33), (15, 17, 31), (1, 14, 19), (24, 31, 36), (10, 17, 40), (16, 17, 34), (5, 7, 12)]
예측 개수: 10
