[501회차]
당첨번호: [1, 4, 10, 17, 31, 42], 보너스: 2
출현빈도 정렬: [20, 40, 37, 34, 1, 27, 17, 4, 14, 45, 3, 18, 19, 36, 10, 13, 25, 26, 5, 8, 24, 31, 39, 11, 43, 2, 15, 29, 42, 30, 35, 44, 16, 21, 33, 7, 12, 22, 23, 6, 32, 38, 28, 41, 9]
사용한 3개 순위 패턴 10개: [(46, 46, 46), (4, 46, 46), (3, 46, 46), (6, 24, 33), (15, 17, 31), (1, 14, 19), (24, 31, 36), (10, 17, 40), (16, 17, 34), (5, 7, 12)]
예측 개수: 10


[502회차]
당첨번호: [6, 22, 28, 32, 34, 40], 보너스: 26
출현빈도 정렬: [20, 40, 37, 34, 1, 27, 17, 4, 14, 45, 3, 10, 18, 19, 36, 13, 25, 26, 5, 8, 31, 24, 39, 11, 43, 2, 15, 42, 29, 30, 35, 44, 16, 21, 33, 7, 12, 22, 23, 6, 32, 38, 28, 41, 9]
사용한 3개 순위 패턴 10개: [(46, 46, 46), (4, 46, 46), (3, 46, 46), (6, 24, 33), (15, 17, 31), (1, 14, 19), (24, 31, 36), (10, 17, 40), (16, 17, 34), (5, 7, 12)]
예측 개수: 10


[503회차]
당첨번호: [1, 5, 27, 30, 34, 36], 보너스: 40
출현빈도 정렬: [40, 20, 37, 34, 1, 27, 17, 4, 14, 45, 3, 10, 18, 19, 36, 13, 25, 26, 5, 8, 31, 24, 39, 11, 43, 2, 15, 42, 29, 30, 35, 44, 16, 21, 33, 7, 22, 12, 23, 6, 32, 28, 38, 41, 9]
사용한 3개 순위 패턴 10개: [(46, 46, 46), (4, 46, 46), (3, 46, 46), (6, 24, 33), (15, 17, 31), (1, 14, 19), (24, 31, 36), (10, 17, 40), (16, 17, 34), (5, 7, 12)]
예측 개수: 10


[504회차]
당첨번호: [6, 14, 22, 26, 43, 44], 보너스: 31
출현빈도 정렬: [40, 20, 37, 34, 1, 27, 17, 4, 14, 45, 36, 3, 10, 18, 19, 5, 13, 25, 26, 8, 31, 24, 39, 11, 43, 2, 15, 42, 29, 30, 35, 44, 16, 21, 33, 7, 22, 12, 23, 6, 32, 28, 38, 41, 9]
사용한 3개 순위 패턴 10개: [(46, 46, 46), (4, 46, 46), (3, 46, 46), (6, 24, 33), (15, 17, 31), (1, 14, 19), (24, 31, 36), (10, 17, 40), (16, 17, 34), (5, 7, 12)]
예측 개수: 10


[505회차]
당첨번호: [7, 20, 22, 25, 38, 40], 보너스: 44
출현빈도 정렬: [40, 20, 37, 34, 1, 27, 17, 4, 14, 45, 36, 3, 10, 18, 19, 26, 5, 13, 25, 8, 31, 24, 39, 43, 11, 2, 15, 42, 29, 30, 44, 35, 16, 21, 22, 33, 7, 12, 23, 6, 32, 28, 38, 41, 9]
사용한 3개 순위 패턴 10개: [(46, 46, 46), (4, 46, 46), (3, 46, 46), (6, 24, 33), (15, 17, 31), (1, 14, 19), (24, 31, 36), (10, 17, 40), (16, 17, 34), (5, 7, 12)]
예측 개수: 10


[506회차]
당첨번호: [6, 9, 11, 22, 24, 30], 보너스: 31
출현빈도 정렬: [40, 20, 37, 34, 1, 27, 17, 4, 14, 45, 36, 3, 10, 18, 19, 25, 26, 5, 13, 8, 31, 24, 39, 43, 11, 2, 15, 42, 29, 30, 44, 22, 35, 7, 16, 21, 33, 12, 23, 6, 32, 38, 28, 41, 9]
사용한 3개 순위 패턴 10개: [(46, 46, 46), (4, 46, 46), (3, 46, 46), (6, 24, 33), (15, 17, 31), (19, 25, 32), (1, 14, 19), (24, 31, 36), (10, 17, 40), (16, 17, 34)]
예측 개수: 10


[507회차]
당첨번호: [12, 13, 32, 33, 40, 41], 보너스: 4
출현빈도 정렬: [40, 20, 37, 34, 1, 27, 17, 4, 14, 45, 36, 3, 10, 18, 19, 25, 26, 5, 13, 8, 24, 31, 11, 39, 43, 2, 15, 30, 42, 22, 29, 44, 35, 7, 16, 21, 33, 6, 12, 23, 32, 38, 28, 9, 41]
사용한 3개 순위 패턴 10개: [(46, 46, 46), (4, 46, 46), (3, 46, 46), (6, 24, 33), (15, 17, 31), (19, 25, 32), (1, 14, 19), (24, 31, 36), (10, 17, 40), (16, 17, 34)]
예측 개수: 10


[508회차]
당첨번호: [5, 27, 31, 34, 35, 43], 보너스: 37
출현빈도 정렬: [40, 20, 37, 34, 1, 27, 17, 4, 14, 45, 36, 3, 10, 13, 18, 19, 25, 26, 5, 8, 24, 31, 11, 39, 43, 2, 15, 30, 42, 22, 29, 44, 33, 35, 7, 16, 21, 12, 6, 23, 32, 38, 28, 41, 9]
사용한 3개 순위 패턴 10개: [(46, 46, 46), (4, 46, 46), (3, 46, 46), (6, 24, 33), (15, 17, 31), (19, 25, 32), (1, 14, 19), (24, 31, 36), (10, 17, 40), (16, 17, 34)]
예측 개수: 10


[509회차]
당첨번호: [12, 25, 29, 35, 42, 43], 보너스: 24
출현빈도 정렬: [40, 20, 34, 37, 1, 27, 17, 4, 14, 45, 36, 3, 5, 10, 13, 18, 19, 25, 26, 31, 8, 24, 43, 11, 39, 2, 15, 30, 42, 22, 29, 35, 44, 33, 7, 16, 21, 12, 6, 23, 32, 38, 28, 41, 9]
사용한 3개 순위 패턴 10개: [(46, 46, 46), (4, 46, 46), (3, 46, 46), (6, 24, 33), (15, 17, 31), (19, 25, 32), (1, 14, 19), (24, 31, 36), (10, 17, 40), (16, 17, 34)]
예측 개수: 10


[510회차]
당첨번호: [12, 29, 32, 33, 39, 40], 보너스: 42
출현빈도 정렬: [40, 20, 34, 37, 1, 27, 17, 4, 14, 45, 25, 36, 3, 5, 10, 13, 18, 19, 26, 31, 43, 8, 24, 11, 39, 42, 2, 15, 29, 30, 35, 22, 44, 33, 7, 12, 16, 21, 6, 23, 32, 38, 28, 41, 9]
사용한 3개 순위 패턴 10개: [(46, 46, 46), (4, 46, 46), (3, 46, 46), (6, 24, 33), (15, 17, 31), (19, 25, 32), (1, 14, 19), (24, 31, 36), (10, 17, 40), (16, 17, 34)]
예측 개수: 10


[511회차]
당첨번호: [3, 7, 14, 23, 26, 42], 보너스: 24
출현빈도 정렬: [40, 20, 34, 37, 1, 27, 17, 4, 14, 45, 25, 36, 3, 5, 10, 13, 18, 19, 26, 31, 43, 8, 24, 39, 11, 29, 42, 2, 15, 30, 35, 22, 33, 44, 12, 7, 16, 21, 6, 23, 32, 38, 28, 41, 9]
사용한 3개 순위 패턴 10개: [(46, 46, 46), (4, 46, 46), (3, 46, 46), (6, 24, 33), (15, 17, 31), (19, 25, 32), (1, 14, 19), (24, 31, 36), (10, 17, 40), (16, 17, 34)]
예측 개수: 10


[512회차]
당첨번호: [4, 5, 9, 13, 26, 27], 보너스: 1
출현빈도 정렬: [40, 20, 34, 37, 1, 27, 14, 17, 4, 45, 3, 25, 26, 36, 5, 10, 13, 18, 19, 31, 43, 8, 24, 39, 11, 42, 29, 2, 15, 30, 35, 22, 33, 44, 7, 12, 16, 21, 23, 6, 32, 38, 28, 41, 9]
사용한 3개 순위 패턴 10개: [(46, 46, 46), (4, 46, 46), (3, 46, 46), (6, 24, 33), (15, 17, 31), (19, 25, 32), (1, 14, 19), (24, 31, 36), (10, 17, 40), (16, 17, 34)]
예측 개수: 10


[513회차]
당첨번호: [5, 8, 21, 23, 27, 33], 보너스: 12
출현빈도 정렬: [40, 20, 34, 37, 1, 27, 4, 14, 17, 26, 45, 3, 5, 13, 25, 36, 10, 18, 19, 31, 43, 8, 24, 39, 11, 42, 29, 2, 15, 30, 35, 22, 33, 44, 7, 12, 16, 21, 23, 6, 32, 38, 28, 9, 41]
사용한 3개 순위 패턴 10개: [(46, 46, 46), (4, 46, 46), (3, 46, 46), (6, 24, 33), (15, 17, 31), (19, 25, 32), (1, 14, 19), (24, 31, 36), (10, 17, 40), (16, 17, 34)]
예측 개수: 10


[514회차]
당첨번호: [1, 15, 20, 26, 35, 42], 보너스: 9
출현빈도 정렬: [40, 20, 34, 37, 27, 1, 4, 14, 17, 5, 26, 45, 3, 13, 25, 36, 10, 18, 19, 8, 31, 43, 24, 39, 11, 42, 29, 2, 15, 30, 33, 35, 22, 44, 7, 12, 21, 16, 23, 6, 32, 38, 28, 9, 41]
사용한 3개 순위 패턴 10개: [(46, 46, 46), (4, 46, 46), (3, 46, 46), (6, 24, 33), (15, 17, 31), (19, 25, 32), (1, 14, 19), (24, 31, 36), (10, 17, 40), (16, 17, 34)]
예측 개수: 10


[515회차]
당첨번호: [2, 11, 12, 15, 23, 37], 보너스: 8
출현빈도 정렬: [40, 20, 34, 37, 1, 27, 4, 14, 17, 26, 5, 45, 3, 13, 25, 36, 10, 18, 19, 8, 31, 43, 24, 39, 42, 11, 15, 29, 35, 2, 30, 33, 22, 44, 7, 12, 21, 16, 23, 6, 32, 38, 28, 9, 41]
사용한 3개 순위 패턴 10개: [(46, 46, 46), (4, 46, 46), (3, 46, 46), (6, 24, 33), (15, 17, 31), (19, 25, 32), (1, 14, 19), (24, 31, 36), (10, 17, 40), (16, 17, 34)]
예측 개수: 10


[516회차]
당첨번호: [2, 8, 23, 41, 43, 44], 보너스: 30
출현빈도 정렬: [40, 20, 37, 34, 1, 27, 4, 14, 17, 26, 5, 45, 3, 13, 25, 36, 10, 18, 19, 8, 31, 43, 11, 24, 39, 42, 15, 2, 29, 35, 30, 33, 12, 22, 44, 7, 21, 23, 16, 6, 32, 38, 28, 9, 41]
사용한 3개 순위 패턴 10개: [(46, 46, 46), (4, 46, 46), (3, 46, 46), (6, 24, 33), (15, 17, 31), (19, 25, 32), (1, 14, 19), (24, 31, 36), (10, 17, 40), (16, 17, 34)]
예측 개수: 10


[517회차]
당첨번호: [1, 9, 12, 28, 36, 41], 보너스: 10
출현빈도 정렬: [40, 20, 37, 34, 1, 27, 4, 14, 17, 26, 5, 45, 3, 13, 25, 36, 8, 10, 18, 19, 43, 31, 11, 24, 39, 42, 2, 15, 29, 35, 30, 33, 44, 12, 22, 23, 7, 21, 16, 6, 32, 38, 28, 41, 9]
사용한 3개 순위 패턴 10개: [(46, 46, 46), (4, 46, 46), (3, 46, 46), (6, 24, 33), (15, 17, 31), (19, 25, 32), (1, 14, 19), (24, 31, 36), (10, 17, 40), (16, 17, 34)]
예측 개수: 10


[518회차]
당첨번호: [14, 23, 30, 32, 34, 38], 보너스: 6
출현빈도 정렬: [40, 20, 37, 34, 1, 27, 4, 14, 17, 26, 5, 36, 45, 3, 13, 25, 8, 10, 18, 19, 43, 31, 11, 24, 39, 42, 2, 15, 29, 35, 12, 30, 33, 44, 22, 23, 7, 21, 16, 6, 32, 28, 38, 41, 9]
사용한 3개 순위 패턴 10개: [(46, 46, 46), (4, 46, 46), (3, 46, 46), (6, 24, 33), (15, 17, 31), (19, 25, 32), (1, 14, 19), (24, 31, 36), (10, 17, 40), (16, 17, 34)]
예측 개수: 10


[519회차]
당첨번호: [6, 8, 13, 16, 30, 43], 보너스: 3
출현빈도 정렬: [40, 20, 34, 37, 1, 27, 14, 4, 17, 26, 5, 36, 45, 3, 13, 25, 8, 10, 18, 19, 43, 31, 11, 24, 39, 42, 2, 15, 29, 30, 35, 12, 23, 33, 44, 22, 7, 21, 16, 32, 6, 38, 28, 41, 9]
사용한 3개 순위 패턴 10개: [(46, 46, 46), (4, 46, 46), (3, 46, 46), (6, 24, 33), (15, 17, 31), (19, 25, 32), (1, 14, 19), (24, 31, 36), (10, 17, 40), (16, 17, 34)]
예측 개수: 10


[520회차]
당첨번호: [4, 22, 27, 28, 38, 40], 보너스: 1
출현빈도 정렬: [40, 20, 34, 37, 1, 27, 14, 4, 17, 26, 5, 13, 36, 45, 3, 8, 25, 43, 10, 18, 19, 31, 11, 24, 39, 42, 2, 15, 30, 29, 35, 12, 23, 33, 44, 22, 7, 16, 21, 6, 32, 38, 28, 41, 9]
사용한 3개 순위 패턴 10개: [(46, 46, 46), (4, 46, 46), (3, 46, 46), (6, 24, 33), (15, 17, 31), (19, 25, 32), (1, 14, 19), (24, 31, 36), (10, 17, 40), (16, 17, 34)]
예측 개수: 10


[521회차]
당첨번호: [3, 7, 18, 29, 32, 36], 보너스: 19
출현빈도 정렬: [40, 20, 34, 37, 1, 27, 4, 14, 17, 26, 5, 13, 36, 45, 3, 8, 25, 43, 10, 18, 19, 31, 11, 24, 39, 42, 2, 15, 30, 29, 35, 12, 22, 23, 33, 44, 7, 16, 21, 6, 32, 38, 28, 41, 9]
사용한 3개 순위 패턴 10개: [(46, 46, 46), (4, 46, 46), (3, 46, 46), (6, 24, 33), (15, 17, 31), (19, 25, 32), (1, 14, 19), (24, 31, 36), (10, 17, 40), (16, 17, 34)]
예측 개수: 10


[522회차]
당첨번호: [4, 5, 13, 14, 37, 41], 보너스: 11
출현빈도 정렬: [40, 20, 34, 37, 1, 27, 4, 14, 17, 26, 36, 3, 5, 13, 45, 8, 18, 25, 43, 10, 19, 31, 11, 24, 39, 42, 2, 15, 29, 30, 35, 12, 22, 23, 33, 44, 7, 16, 21, 32, 6, 38, 28, 41, 9]
사용한 3개 순위 패턴 10개: [(46, 46, 46), (4, 46, 46), (3, 46, 46), (6, 24, 33), (15, 17, 31), (19, 25, 32), (1, 14, 19), (24, 31, 36), (10, 17, 40), (16, 17, 34)]
예측 개수: 10


[523회차]
당첨번호: [1, 4, 37, 38, 40, 45], 보너스: 7
출현빈도 정렬: [40, 20, 37, 34, 1, 27, 4, 14, 17, 5, 13, 26, 36, 3, 45, 8, 18, 25, 43, 10, 19, 31, 11, 24, 39, 42, 2, 15, 29, 30, 35, 12, 22, 23, 33, 44, 7, 16, 21, 32, 6, 38, 28, 41, 9]
사용한 3개 순위 패턴 10개: [(46, 46, 46), (4, 46, 46), (3, 46, 46), (6, 24, 33), (15, 17, 31), (19, 25, 32), (1, 14, 19), (13, 20, 37), (24, 31, 36), (10, 17, 40)]
예측 개수: 10


[524회차]
당첨번호: [10, 11, 29, 38, 41, 45], 보너스: 21
출현빈도 정렬: [40, 20, 37, 34, 1, 27, 4, 14, 17, 5, 13, 26, 36, 45, 3, 8, 18, 25, 43, 10, 19, 31, 11, 24, 39, 42, 2, 15, 29, 30, 35, 12, 22, 23, 33, 44, 7, 16, 21, 32, 6, 38, 28, 41, 9]
사용한 3개 순위 패턴 10개: [(46, 46, 46), (4, 46, 46), (3, 46, 46), (6, 24, 33), (15, 17, 31), (19, 25, 32), (1, 14, 19), (13, 20, 37), (24, 31, 36), (10, 17, 40)]
예측 개수: 10


[525회차]
당첨번호: [11, 23, 26, 29, 39, 44], 보너스: 22
출현빈도 정렬: [40, 20, 37, 34, 1, 27, 4, 14, 17, 45, 5, 13, 26, 36, 3, 8, 10, 18, 25, 43, 19, 11, 31, 24, 29, 39, 42, 2, 15, 30, 35, 12, 22, 23, 33, 44, 7, 16, 21, 32, 38, 6, 41, 28, 9]
사용한 3개 순위 패턴 10개: [(46, 46, 46), (4, 46, 46), (3, 46, 46), (6, 24, 33), (15, 17, 31), (19, 25, 32), (1, 14, 19), (13, 20, 37), (24, 31, 36), (10, 17, 40)]
예측 개수: 10


[526회차]
당첨번호: [7, 14, 17, 20, 35, 39], 보너스: 31
출현빈도 정렬: [40, 20, 37, 34, 1, 27, 4, 14, 17, 26, 45, 5, 13, 36, 3, 8, 10, 18, 25, 43, 11, 19, 29, 31, 39, 24, 42, 2, 15, 30, 23, 35, 44, 12, 22, 33, 7, 16, 21, 32, 38, 6, 41, 28, 9]
사용한 3개 순위 패턴 10개: [(46, 46, 46), (4, 46, 46), (3, 46, 46), (6, 24, 33), (15, 17, 31), (19, 25, 32), (1, 14, 19), (13, 20, 37), (24, 31, 36), (10, 17, 40)]
예측 개수: 10


[527회차]
당첨번호: [1, 12, 22, 32, 33, 42], 보너스: 38
출현빈도 정렬: [40, 20, 37, 34, 1, 27, 4, 14, 17, 26, 45, 5, 13, 36, 3, 8, 10, 18, 25, 43, 11, 19, 39, 29, 31, 24, 42, 2, 15, 30, 35, 23, 44, 7, 12, 22, 33, 16, 21, 32, 38, 6, 41, 28, 9]
사용한 3개 순위 패턴 10개: [(46, 46, 46), (4, 46, 46), (3, 46, 46), (13, 22, 36), (6, 24, 33), (15, 17, 31), (19, 25, 32), (1, 14, 19), (13, 20, 37), (24, 31, 36)]
예측 개수: 10


[528회차]
당첨번호: [5, 17, 25, 31, 39, 40], 보너스: 10
출현빈도 정렬: [40, 20, 37, 1, 34, 27, 4, 14, 17, 26, 45, 5, 13, 36, 3, 8, 10, 18, 25, 43, 11, 19, 39, 29, 31, 42, 24, 2, 15, 30, 35, 12, 22, 23, 33, 44, 7, 16, 21, 32, 38, 6, 41, 28, 9]
사용한 3개 순위 패턴 10개: [(46, 46, 46), (4, 46, 46), (3, 46, 46), (13, 22, 36), (6, 24, 33), (15, 17, 31), (19, 25, 32), (1, 14, 19), (13, 20, 37), (24, 31, 36)]
예측 개수: 10


[529회차]
당첨번호: [18, 20, 24, 27, 31, 42], 보너스: 39
출현빈도 정렬: [40, 20, 37, 1, 34, 27, 4, 14, 17, 5, 26, 45, 13, 36, 3, 25, 8, 10, 18, 39, 43, 11, 19, 31, 29, 42, 24, 2, 15, 30, 35, 12, 22, 23, 33, 44, 7, 16, 21, 32, 38, 6, 41, 28, 9]
사용한 3개 순위 패턴 10개: [(46, 46, 46), (4, 46, 46), (3, 46, 46), (13, 22, 36), (6, 24, 33), (15, 17, 31), (19, 25, 32), (1, 14, 19), (13, 20, 37), (24, 31, 36)]
예측 개수: 10


[530회차]
당첨번호: [16, 23, 27, 29, 33, 41], 보너스: 22
출현빈도 정렬: [40, 20, 37, 1, 34, 27, 4, 14, 17, 5, 26, 45, 13, 36, 3, 18, 25, 8, 10, 31, 39, 43, 11, 19, 42, 24, 29, 2, 15, 30, 35, 12, 22, 23, 33, 44, 7, 16, 21, 32, 38, 6, 41, 28, 9]
사용한 3개 순위 패턴 10개: [(46, 46, 46), (4, 46, 46), (3, 46, 46), (13, 22, 36), (6, 24, 33), (15, 17, 31), (19, 25, 32), (1, 14, 19), (13, 20, 37), (24, 31, 36)]
예측 개수: 10


[531회차]
당첨번호: [1, 5, 9, 21, 27, 35], 보너스: 45
출현빈도 정렬: [40, 20, 37, 1, 27, 34, 4, 14, 17, 5, 26, 45, 13, 36, 3, 18, 25, 8, 10, 31, 39, 43, 11, 19, 29, 42, 24, 2, 15, 23, 30, 33, 35, 12, 22, 44, 7, 16, 21, 32, 38, 6, 41, 28, 9]
사용한 3개 순위 패턴 10개: [(46, 46, 46), (4, 46, 46), (3, 46, 46), (13, 22, 36), (6, 24, 33), (15, 17, 31), (19, 25, 32), (1, 14, 19), (13, 20, 37), (24, 31, 36)]
예측 개수: 10


[532회차]
당첨번호: [16, 17, 23, 24, 29, 44], 보너스: 3
출현빈도 정렬: [40, 20, 37, 1, 27, 34, 4, 14, 17, 5, 26, 45, 13, 36, 3, 18, 25, 8, 10, 31, 39, 43, 11, 19, 29, 42, 24, 35, 2, 15, 23, 30, 33, 12, 22, 44, 7, 16, 21, 32, 38, 6, 41, 28, 9]
사용한 3개 순위 패턴 10개: [(46, 46, 46), (4, 46, 46), (3, 46, 46), (13, 22, 36), (6, 24, 33), (15, 17, 31), (19, 25, 32), (1, 14, 19), (13, 20, 37), (24, 31, 36)]
예측 개수: 10


[533회차]
당첨번호: [9, 14, 15, 17, 31, 33], 보너스: 23
출현빈도 정렬: [40, 20, 37, 1, 27, 34, 4, 14, 17, 5, 26, 45, 13, 36, 3, 18, 25, 8, 10, 29, 31, 39, 43, 11, 19, 24, 42, 23, 35, 2, 15, 30, 33, 44, 12, 22, 7, 16, 21, 32, 38, 6, 41, 28, 9]
사용한 3개 순위 패턴 10개: [(46, 46, 46), (4, 46, 46), (3, 46, 46), (13, 22, 36), (6, 24, 33), (15, 17, 31), (19, 25, 32), (1, 14, 19), (13, 20, 37), (24, 31, 36)]
예측 개수: 10


[534회차]
당첨번호: [10, 24, 26, 29, 37, 38], 보너스: 32
출현빈도 정렬: [40, 20, 37, 1, 27, 34, 14, 17, 4, 5, 26, 45, 13, 36, 3, 18, 25, 31, 8, 10, 29, 39, 43, 11, 19, 24, 42, 15, 23, 33, 35, 2, 30, 44, 12, 22, 7, 16, 21, 32, 38, 6, 41, 9, 28]
사용한 3개 순위 패턴 10개: [(46, 46, 46), (4, 46, 46), (3, 46, 46), (13, 22, 36), (6, 24, 33), (15, 17, 31), (19, 25, 32), (1, 14, 19), (13, 20, 37), (24, 31, 36)]
예측 개수: 10


[535회차]
당첨번호: [11, 12, 14, 15, 18, 39], 보너스: 34
출현빈도 정렬: [40, 20, 37, 1, 27, 34, 14, 17, 4, 5, 26, 45, 13, 36, 3, 10, 18, 25, 29, 31, 8, 24, 39, 43, 11, 19, 42, 15, 23, 33, 35, 2, 30, 44, 12, 22, 7, 16, 21, 32, 38, 6, 41, 9, 28]
사용한 3개 순위 패턴 10개: [(46, 46, 46), (4, 46, 46), (3, 46, 46), (13, 22, 36), (6, 24, 33), (15, 17, 31), (19, 25, 32), (1, 14, 19), (13, 20, 37), (24, 31, 36)]
예측 개수: 10


[536회차]
당첨번호: [7, 8, 18, 32, 37, 43], 보너스: 12
출현빈도 정렬: [40, 20, 37, 1, 27, 34, 14, 17, 4, 5, 26, 45, 13, 18, 36, 3, 10, 25, 29, 31, 39, 8, 11, 24, 43, 19, 42, 15, 23, 33, 35, 2, 12, 30, 44, 22, 7, 16, 21, 32, 38, 6, 41, 9, 28]
사용한 3개 순위 패턴 10개: [(46, 46, 46), (4, 46, 46), (3, 46, 46), (13, 22, 36), (6, 24, 33), (15, 17, 31), (19, 25, 32), (1, 14, 19), (13, 20, 37), (24, 31, 36)]
예측 개수: 10


[537회차]
당첨번호: [12, 23, 26, 30, 36, 43], 보너스: 11
출현빈도 정렬: [40, 20, 37, 1, 27, 34, 14, 17, 4, 5, 26, 18, 45, 13, 36, 3, 8, 10, 25, 29, 31, 39, 43, 11, 24, 19, 42, 15, 23, 33, 35, 2, 12, 30, 44, 7, 22, 16, 21, 32, 38, 6, 41, 9, 28]
사용한 3개 순위 패턴 10개: [(46, 46, 46), (4, 46, 46), (3, 46, 46), (13, 22, 36), (6, 24, 33), (15, 17, 31), (19, 25, 32), (1, 14, 19), (13, 20, 37), (24, 31, 36)]
예측 개수: 10


[538회차]
당첨번호: [6, 10, 18, 31, 32, 34], 보너스: 11
출현빈도 정렬: [40, 20, 37, 1, 27, 34, 14, 17, 4, 26, 5, 18, 36, 45, 13, 43, 3, 8, 10, 25, 29, 31, 39, 11, 24, 19, 42, 15, 23, 12, 30, 33, 35, 2, 44, 7, 22, 16, 21, 32, 38, 6, 41, 9, 28]
사용한 3개 순위 패턴 10개: [(46, 46, 46), (4, 46, 46), (3, 46, 46), (13, 22, 36), (6, 24, 33), (15, 17, 31), (19, 25, 32), (1, 14, 19), (13, 20, 37), (24, 31, 36)]
예측 개수: 10


[539회차]
당첨번호: [3, 19, 22, 31, 42, 43], 보너스: 26
출현빈도 정렬: [40, 20, 37, 1, 27, 34, 14, 17, 4, 26, 5, 18, 36, 45, 10, 13, 31, 43, 3, 8, 25, 29, 39, 11, 24, 19, 42, 15, 23, 12, 30, 33, 35, 2, 44, 7, 22, 16, 32, 21, 38, 6, 41, 9, 28]
사용한 3개 순위 패턴 10개: [(46, 46, 46), (4, 46, 46), (3, 46, 46), (13, 22, 36), (6, 24, 33), (15, 17, 31), (19, 25, 32), (1, 14, 19), (13, 20, 37), (24, 31, 36)]
예측 개수: 10


[540회차]
당첨번호: [3, 12, 13, 15, 34, 36], 보너스: 14
출현빈도 정렬: [40, 20, 37, 1, 27, 34, 14, 17, 4, 26, 5, 18, 31, 36, 43, 45, 3, 10, 13, 8, 25, 29, 39, 11, 19, 24, 42, 15, 23, 12, 30, 33, 35, 2, 22, 44, 7, 16, 32, 21, 38, 6, 41, 9, 28]
사용한 3개 순위 패턴 10개: [(46, 46, 46), (4, 46, 46), (3, 46, 46), (13, 22, 36), (6, 24, 33), (15, 17, 31), (19, 25, 32), (1, 14, 19), (13, 20, 37), (24, 31, 36)]
예측 개수: 10


[541회차]
당첨번호: [8, 13, 26, 28, 32, 34], 보너스: 43
출현빈도 정렬: [40, 20, 37, 34, 1, 27, 14, 17, 4, 26, 5, 18, 36, 3, 13, 31, 43, 45, 10, 8, 25, 29, 39, 11, 19, 24, 42, 15, 12, 23, 30, 33, 35, 2, 22, 44, 7, 16, 32, 21, 38, 6, 41, 9, 28]
사용한 3개 순위 패턴 10개: [(46, 46, 46), (4, 46, 46), (3, 46, 46), (13, 22, 36), (6, 24, 33), (15, 17, 31), (19, 25, 32), (1, 14, 19), (13, 20, 37), (24, 31, 36)]
예측 개수: 10


[542회차]
당첨번호: [5, 6, 19, 26, 41, 45], 보너스: 34
출현빈도 정렬: [40, 20, 37, 34, 1, 27, 14, 17, 4, 26, 5, 13, 18, 36, 3, 31, 43, 45, 8, 10, 25, 29, 39, 11, 19, 24, 42, 15, 12, 23, 30, 33, 35, 2, 22, 44, 7, 32, 16, 21, 38, 6, 41, 28, 9]
사용한 3개 순위 패턴 10개: [(46, 46, 46), (4, 46, 46), (3, 46, 46), (13, 22, 36), (6, 24, 33), (15, 17, 31), (19, 25, 32), (1, 14, 19), (13, 20, 37), (24, 31, 36)]
예측 개수: 10


[543회차]
당첨번호: [13, 18, 26, 31, 34, 44], 보너스: 12
출현빈도 정렬: [40, 20, 37, 34, 1, 27, 14, 17, 26, 4, 5, 13, 18, 36, 45, 3, 31, 43, 8, 10, 19, 25, 29, 39, 11, 24, 42, 15, 12, 23, 30, 33, 35, 2, 22, 44, 7, 32, 16, 21, 6, 38, 41, 28, 9]
사용한 3개 순위 패턴 10개: [(46, 46, 46), (4, 46, 46), (3, 46, 46), (13, 22, 36), (6, 24, 33), (15, 17, 31), (19, 25, 32), (1, 14, 19), (13, 20, 37), (24, 31, 36)]
예측 개수: 10


[544회차]
당첨번호: [5, 17, 21, 25, 36, 44], 보너스: 10
출현빈도 정렬: [40, 20, 34, 37, 1, 27, 14, 26, 17, 4, 5, 13, 18, 31, 36, 45, 3, 43, 8, 10, 19, 25, 29, 39, 11, 24, 42, 15, 12, 23, 30, 33, 35, 44, 2, 22, 7, 32, 16, 21, 6, 38, 41, 28, 9]
사용한 3개 순위 패턴 10개: [(46, 46, 46), (4, 46, 46), (3, 46, 46), (13, 22, 36), (6, 24, 33), (15, 17, 31), (19, 25, 32), (1, 14, 19), (13, 20, 37), (24, 31, 36)]
예측 개수: 10


[545회차]
당첨번호: [4, 24, 25, 27, 34, 35], 보너스: 2
출현빈도 정렬: [40, 20, 34, 37, 1, 27, 14, 17, 26, 4, 5, 13, 18, 36, 31, 45, 3, 43, 8, 10, 25, 19, 29, 39, 11, 24, 42, 15, 12, 23, 44, 30, 33, 35, 2, 22, 7, 32, 16, 21, 6, 38, 41, 28, 9]
사용한 3개 순위 패턴 10개: [(46, 46, 46), (4, 46, 46), (3, 46, 46), (13, 22, 36), (6, 24, 33), (15, 17, 31), (19, 25, 32), (1, 14, 19), (13, 20, 37), (24, 31, 36)]
예측 개수: 10


[546회차]
당첨번호: [8, 17, 20, 27, 37, 43], 보너스: 6
출현빈도 정렬: [40, 20, 34, 37, 27, 1, 14, 17, 26, 4, 5, 13, 18, 36, 31, 45, 3, 25, 43, 8, 10, 19, 24, 29, 39, 11, 42, 15, 12, 23, 35, 44, 30, 33, 2, 22, 7, 32, 16, 21, 6, 38, 41, 28, 9]
사용한 3개 순위 패턴 10개: [(46, 46, 46), (4, 46, 46), (3, 46, 46), (13, 22, 36), (6, 24, 33), (15, 17, 31), (19, 25, 32), (1, 14, 19), (13, 20, 37), (24, 31, 36)]
예측 개수: 10


[547회차]
당첨번호: [6, 7, 15, 22, 34, 39], 보너스: 28
출현빈도 정렬: [40, 20, 34, 37, 27, 1, 17, 14, 26, 4, 5, 13, 18, 36, 31, 43, 45, 3, 8, 25, 10, 19, 24, 29, 39, 11, 42, 15, 12, 23, 35, 44, 30, 33, 2, 22, 7, 32, 16, 21, 6, 38, 41, 28, 9]
사용한 3개 순위 패턴 10개: [(46, 46, 46), (4, 46, 46), (3, 46, 46), (13, 22, 36), (6, 24, 33), (15, 17, 31), (19, 25, 32), (1, 14, 19), (13, 20, 37), (24, 31, 36)]
예측 개수: 10


[548회차]
당첨번호: [1, 12, 13, 21, 32, 45], 보너스: 14
출현빈도 정렬: [40, 20, 34, 37, 27, 1, 17, 14, 26, 4, 5, 13, 18, 36, 31, 43, 45, 3, 8, 25, 10, 39, 19, 24, 29, 11, 15, 42, 12, 23, 35, 44, 22, 30, 33, 2, 7, 32, 16, 21, 6, 38, 41, 28, 9]
사용한 3개 순위 패턴 10개: [(46, 46, 46), (4, 46, 46), (3, 46, 46), (13, 22, 36), (6, 24, 33), (15, 17, 31), (19, 25, 32), (1, 14, 19), (13, 20, 37), (24, 31, 36)]
예측 개수: 10


[549회차]
당첨번호: [29, 31, 35, 38, 40, 44], 보너스: 17
출현빈도 정렬: [40, 20, 34, 37, 27, 1, 17, 14, 26, 4, 5, 13, 18, 36, 45, 31, 43, 3, 8, 25, 10, 39, 19, 24, 29, 11, 15, 42, 12, 23, 35, 44, 22, 30, 33, 2, 7, 32, 21, 16, 6, 38, 41, 28, 9]
사용한 3개 순위 패턴 10개: [(46, 46, 46), (4, 46, 46), (3, 46, 46), (13, 22, 36), (6, 24, 33), (15, 17, 31), (19, 25, 32), (1, 14, 19), (13, 20, 37), (24, 31, 36)]
예측 개수: 10


[550회차]
당첨번호: [1, 7, 14, 20, 34, 37], 보너스: 41
출현빈도 정렬: [40, 20, 34, 37, 27, 1, 17, 14, 26, 4, 5, 13, 18, 31, 36, 45, 43, 3, 8, 25, 10, 29, 39, 19, 24, 11, 15, 42, 12, 35, 44, 23, 22, 30, 33, 2, 7, 32, 21, 16, 6, 38, 41, 28, 9]
사용한 3개 순위 패턴 10개: [(46, 46, 46), (4, 46, 46), (3, 46, 46), (13, 22, 36), (6, 24, 33), (15, 17, 31), (19, 25, 32), (1, 14, 19), (13, 20, 37), (24, 31, 36)]
예측 개수: 10


[551회차]
당첨번호: [3, 6, 20, 24, 27, 44], 보너스: 25
출현빈도 정렬: [40, 20, 34, 37, 1, 27, 14, 17, 26, 4, 5, 13, 18, 31, 36, 45, 43, 3, 8, 25, 10, 29, 39, 19, 24, 11, 15, 42, 12, 35, 44, 23, 7, 22, 30, 33, 2, 32, 21, 16, 6, 38, 41, 28, 9]
사용한 3개 순위 패턴 10개: [(46, 46, 46), (4, 46, 46), (3, 46, 46), (13, 22, 36), (6, 24, 33), (15, 17, 31), (19, 25, 32), (1, 14, 19), (13, 20, 37), (24, 31, 36)]
예측 개수: 10


[552회차]
당첨번호: [1, 10, 20, 32, 35, 40], 보너스: 43
출현빈도 정렬: [40, 20, 34, 37, 27, 1, 14, 17, 26, 4, 5, 13, 18, 31, 36, 45, 3, 43, 8, 25, 10, 24, 29, 39, 19, 11, 15, 42, 44, 12, 35, 23, 7, 22, 30, 33, 2, 32, 21, 6, 16, 38, 41, 28, 9]
사용한 3개 순위 패턴 10개: [(46, 46, 46), (4, 46, 46), (3, 46, 46), (13, 22, 36), (6, 24, 33), (15, 17, 31), (19, 25, 32), (1, 14, 19), (13, 20, 37), (24, 31, 36)]
예측 개수: 10


[553회차]
당첨번호: [2, 7, 17, 28, 29, 39], 보너스: 37
출현빈도 정렬: [40, 20, 34, 37, 1, 27, 14, 17, 26, 4, 5, 13, 18, 31, 36, 45, 3, 43, 8, 10, 25, 24, 29, 39, 19, 11, 15, 35, 42, 44, 12, 23, 7, 22, 30, 32, 33, 2, 21, 6, 16, 38, 41, 28, 9]
사용한 3개 순위 패턴 10개: [(46, 46, 46), (4, 46, 46), (3, 46, 46), (13, 22, 36), (6, 24, 33), (15, 17, 31), (19, 25, 32), (1, 14, 19), (13, 20, 37), (24, 31, 36)]
예측 개수: 10


[554회차]
당첨번호: [13, 14, 17, 32, 41, 42], 보너스: 6
출현빈도 정렬: [40, 20, 34, 37, 1, 27, 17, 14, 26, 4, 5, 13, 18, 31, 36, 45, 3, 43, 8, 10, 25, 29, 39, 24, 19, 11, 15, 35, 42, 44, 12, 7, 23, 2, 22, 30, 32, 33, 21, 6, 16, 38, 41, 28, 9]
사용한 3개 순위 패턴 10개: [(46, 46, 46), (4, 46, 46), (3, 46, 46), (13, 22, 36), (6, 24, 33), (15, 17, 31), (19, 25, 32), (1, 14, 19), (13, 20, 37), (24, 31, 36)]
예측 개수: 10


[555회차]
당첨번호: [11, 17, 21, 24, 26, 36], 보너스: 12
출현빈도 정렬: [40, 20, 34, 37, 1, 27, 17, 14, 26, 4, 13, 5, 18, 31, 36, 45, 3, 43, 8, 10, 25, 29, 39, 24, 19, 42, 11, 15, 35, 44, 12, 7, 23, 32, 2, 22, 30, 33, 21, 6, 16, 38, 41, 28, 9]
사용한 3개 순위 패턴 10개: [(46, 46, 46), (4, 46, 46), (3, 46, 46), (13, 22, 36), (6, 24, 33), (15, 17, 31), (19, 25, 32), (1, 14, 19), (13, 20, 37), (24, 31, 36)]
예측 개수: 10


[556회차]
당첨번호: [12, 20, 23, 28, 30, 44], 보너스: 43
출현빈도 정렬: [40, 20, 34, 37, 1, 27, 17, 14, 26, 4, 13, 5, 36, 18, 31, 45, 3, 43, 8, 10, 24, 25, 29, 39, 11, 19, 42, 15, 35, 44, 12, 7, 23, 32, 2, 22, 30, 33, 21, 6, 16, 38, 41, 28, 9]
사용한 3개 순위 패턴 10개: [(46, 46, 46), (4, 46, 46), (3, 46, 46), (13, 22, 36), (6, 24, 33), (15, 17, 31), (19, 25, 32), (1, 14, 19), (13, 20, 37), (24, 31, 36)]
예측 개수: 10


[557회차]
당첨번호: [4, 20, 26, 28, 35, 40], 보너스: 31
출현빈도 정렬: [20, 40, 34, 37, 1, 27, 17, 14, 26, 4, 13, 5, 36, 18, 31, 45, 3, 43, 8, 10, 24, 25, 29, 39, 11, 19, 42, 44, 12, 15, 35, 23, 7, 30, 32, 2, 22, 33, 21, 6, 16, 38, 41, 28, 9]
사용한 3개 순위 패턴 10개: [(46, 46, 46), (4, 46, 46), (3, 46, 46), (13, 22, 36), (6, 24, 33), (15, 17, 31), (19, 25, 32), (1, 14, 19), (13, 20, 37), (24, 31, 36)]
예측 개수: 10


[558회차]
당첨번호: [12, 15, 19, 26, 40, 43], 보너스: 29
출현빈도 정렬: [20, 40, 34, 37, 1, 27, 17, 14, 26, 4, 13, 5, 36, 18, 31, 45, 3, 43, 8, 10, 24, 25, 29, 39, 11, 19, 35, 42, 44, 12, 15, 23, 7, 30, 32, 2, 22, 33, 21, 6, 16, 38, 28, 41, 9]
사용한 3개 순위 패턴 10개: [(46, 46, 46), (4, 46, 46), (3, 46, 46), (13, 22, 36), (6, 24, 33), (15, 17, 31), (19, 25, 32), (1, 14, 19), (13, 20, 37), (24, 31, 36)]
예측 개수: 10


[559회차]
당첨번호: [11, 12, 25, 32, 44, 45], 보너스: 23
출현빈도 정렬: [40, 20, 34, 37, 1, 27, 17, 26, 14, 4, 13, 5, 36, 18, 31, 43, 45, 3, 8, 10, 24, 25, 29, 39, 19, 11, 12, 15, 35, 42, 44, 23, 7, 30, 32, 2, 22, 33, 21, 6, 16, 38, 28, 41, 9]
사용한 3개 순위 패턴 10개: [(46, 46, 46), (4, 46, 46), (3, 46, 46), (13, 22, 36), (6, 24, 33), (15, 17, 31), (19, 25, 32), (1, 14, 19), (13, 20, 37), (24, 31, 36)]
예측 개수: 10


[560회차]
당첨번호: [1, 4, 20, 23, 29, 45], 보너스: 28
출현빈도 정렬: [40, 20, 34, 37, 1, 27, 17, 26, 14, 4, 13, 5, 36, 45, 18, 31, 43, 3, 25, 8, 10, 24, 29, 39, 11, 12, 19, 44, 15, 35, 42, 23, 32, 7, 30, 2, 22, 33, 21, 6, 16, 38, 28, 41, 9]
사용한 3개 순위 패턴 10개: [(46, 46, 46), (4, 46, 46), (3, 46, 46), (13, 22, 36), (6, 24, 33), (15, 17, 31), (19, 25, 32), (1, 14, 19), (13, 20, 37), (24, 31, 36)]
예측 개수: 10


[561회차]
당첨번호: [5, 7, 18, 37, 42, 45], 보너스: 20
출현빈도 정렬: [20, 40, 34, 37, 1, 27, 17, 26, 14, 4, 13, 45, 5, 36, 18, 31, 43, 3, 25, 29, 8, 10, 24, 39, 11, 12, 19, 44, 15, 35, 42, 23, 32, 7, 30, 2, 22, 33, 21, 6, 16, 38, 28, 41, 9]
사용한 3개 순위 패턴 10개: [(46, 46, 46), (4, 46, 46), (3, 46, 46), (13, 22, 36), (6, 24, 33), (15, 17, 31), (19, 25, 32), (1, 14, 19), (13, 20, 37), (24, 31, 36)]
예측 개수: 10


[562회차]
당첨번호: [4, 11, 13, 17, 20, 31], 보너스: 33
출현빈도 정렬: [20, 40, 34, 37, 1, 27, 17, 26, 14, 4, 45, 5, 13, 18, 36, 31, 43, 3, 25, 29, 8, 10, 24, 39, 11, 12, 19, 42, 44, 15, 35, 23, 7, 32, 30, 2, 22, 33, 21, 6, 16, 38, 28, 41, 9]
사용한 3개 순위 패턴 10개: [(46, 46, 46), (4, 46, 46), (3, 46, 46), (13, 22, 36), (6, 24, 33), (15, 17, 31), (19, 25, 32), (1, 14, 19), (13, 20, 37), (24, 31, 36)]
예측 개수: 10


[563회차]
당첨번호: [5, 10, 16, 17, 31, 32], 보너스: 21
출현빈도 정렬: [20, 40, 34, 37, 1, 27, 17, 26, 4, 14, 13, 45, 5, 18, 31, 36, 43, 3, 25, 29, 8, 10, 11, 24, 39, 12, 19, 42, 44, 15, 35, 23, 7, 32, 30, 2, 22, 33, 21, 6, 16, 38, 28, 41, 9]
사용한 3개 순위 패턴 10개: [(46, 46, 46), (4, 46, 46), (3, 46, 46), (13, 22, 36), (6, 24, 33), (13, 15, 31), (15, 17, 31), (19, 25, 32), (1, 14, 19), (13, 20, 37)]
예측 개수: 10


[564회차]
당첨번호: [14, 19, 25, 26, 27, 34], 보너스: 2
출현빈도 정렬: [20, 40, 34, 37, 1, 27, 17, 26, 4, 14, 5, 13, 45, 31, 18, 36, 43, 3, 10, 25, 29, 8, 11, 24, 39, 12, 19, 42, 44, 15, 35, 23, 32, 7, 30, 2, 22, 33, 21, 16, 6, 38, 28, 41, 9]
사용한 3개 순위 패턴 10개: [(46, 46, 46), (4, 46, 46), (3, 46, 46), (13, 22, 36), (6, 24, 33), (13, 15, 31), (15, 17, 31), (19, 25, 32), (1, 14, 19), (13, 20, 37)]
예측 개수: 10


[565회차]
당첨번호: [4, 10, 18, 27, 40, 45], 보너스: 38
출현빈도 정렬: [20, 40, 34, 37, 1, 27, 17, 26, 14, 4, 5, 13, 45, 31, 18, 36, 25, 43, 3, 10, 29, 8, 11, 19, 24, 39, 12, 42, 44, 15, 35, 23, 32, 7, 30, 2, 22, 33, 21, 16, 6, 38, 28, 41, 9]
사용한 3개 순위 패턴 10개: [(46, 46, 46), (4, 46, 46), (3, 46, 46), (13, 22, 36), (6, 24, 33), (13, 15, 31), (15, 17, 31), (19, 25, 32), (1, 14, 19), (13, 20, 37)]
예측 개수: 10


[566회차]
당첨번호: [4, 5, 6, 25, 26, 43], 보너스: 41
출현빈도 정렬: [20, 40, 34, 37, 27, 1, 17, 26, 4, 14, 45, 5, 13, 18, 31, 36, 10, 25, 43, 3, 29, 8, 11, 19, 24, 39, 12, 42, 44, 15, 35, 23, 32, 7, 30, 2, 22, 33, 21, 16, 6, 38, 28, 41, 9]
사용한 3개 순위 패턴 10개: [(46, 46, 46), (4, 46, 46), (3, 46, 46), (13, 22, 36), (6, 24, 33), (13, 15, 31), (15, 17, 31), (19, 25, 32), (1, 14, 19), (13, 20, 37)]
예측 개수: 10


[567회차]
당첨번호: [1, 10, 15, 16, 32, 41], 보너스: 28
출현빈도 정렬: [20, 40, 34, 37, 27, 1, 17, 26, 4, 14, 5, 45, 13, 18, 31, 25, 36, 43, 10, 3, 29, 8, 11, 19, 24, 39, 12, 42, 44, 15, 35, 23, 32, 7, 30, 2, 22, 33, 21, 6, 16, 38, 28, 41, 9]
사용한 3개 순위 패턴 10개: [(46, 46, 46), (4, 46, 46), (3, 46, 46), (6, 10, 20), (13, 22, 36), (6, 24, 33), (13, 15, 31), (15, 17, 31), (19, 25, 32), (1, 14, 19)]
예측 개수: 10


[568회차]
당첨번호: [1, 3, 17, 20, 31, 44], 보너스: 40
출현빈도 정렬: [20, 40, 34, 37, 1, 27, 17, 26, 4, 14, 5, 45, 13, 18, 31, 10, 25, 36, 43, 3, 29, 8, 11, 19, 24, 39, 12, 15, 42, 44, 32, 35, 23, 7, 30, 2, 22, 33, 16, 21, 6, 38, 41, 28, 9]
사용한 3개 순위 패턴 10개: [(46, 46, 46), (4, 46, 46), (3, 46, 46), (6, 10, 20), (13, 22, 36), (6, 24, 33), (13, 15, 31), (15, 17, 31), (19, 25, 32), (1, 14, 19)]
예측 개수: 10


[569회차]
당첨번호: [3, 6, 13, 23, 24, 35], 보너스: 1
출현빈도 정렬: [20, 40, 34, 1, 37, 27, 17, 26, 4, 14, 5, 45, 13, 31, 18, 10, 25, 36, 43, 3, 29, 8, 11, 19, 24, 39, 44, 12, 15, 42, 32, 35, 23, 7, 30, 2, 22, 33, 16, 21, 6, 38, 41, 28, 9]
사용한 3개 순위 패턴 10개: [(46, 46, 46), (4, 46, 46), (3, 46, 46), (6, 10, 20), (13, 22, 36), (6, 24, 33), (13, 15, 31), (15, 17, 31), (19, 25, 32), (1, 14, 19)]
예측 개수: 10


[570회차]
당첨번호: [1, 12, 26, 27, 29, 33], 보너스: 42
출현빈도 정렬: [20, 40, 34, 1, 37, 27, 17, 26, 4, 14, 5, 13, 45, 31, 18, 3, 10, 25, 36, 43, 24, 29, 8, 11, 19, 39, 44, 12, 15, 35, 42, 23, 32, 7, 30, 2, 22, 33, 6, 16, 21, 38, 41, 28, 9]
사용한 3개 순위 패턴 10개: [(46, 46, 46), (4, 46, 46), (3, 46, 46), (6, 10, 20), (13, 22, 36), (6, 24, 33), (13, 15, 31), (15, 17, 31), (1, 7, 20), (19, 25, 32)]
예측 개수: 10


[571회차]
당첨번호: [11, 18, 21, 26, 38, 43], 보너스: 29
출현빈도 정렬: [20, 40, 1, 34, 27, 37, 17, 26, 4, 14, 5, 13, 45, 31, 18, 3, 10, 25, 36, 43, 29, 24, 8, 11, 12, 19, 39, 44, 15, 35, 42, 23, 32, 7, 30, 33, 2, 22, 6, 16, 21, 38, 41, 28, 9]
사용한 3개 순위 패턴 10개: [(46, 46, 46), (4, 46, 46), (3, 46, 46), (6, 10, 20), (13, 22, 36), (6, 24, 33), (13, 15, 31), (15, 17, 31), (1, 7, 20), (19, 25, 32)]
예측 개수: 10


[572회차]
당첨번호: [3, 13, 18, 33, 37, 45], 보너스: 1
출현빈도 정렬: [20, 40, 1, 34, 27, 37, 17, 26, 4, 14, 5, 13, 45, 18, 31, 43, 3, 10, 25, 36, 29, 11, 24, 8, 12, 19, 39, 44, 15, 35, 42, 23, 32, 7, 30, 33, 2, 21, 22, 6, 16, 38, 41, 28, 9]
사용한 3개 순위 패턴 10개: [(46, 46, 46), (4, 46, 46), (3, 46, 46), (6, 10, 20), (13, 22, 36), (6, 24, 33), (13, 15, 31), (15, 17, 31), (1, 7, 20), (19, 25, 32)]
예측 개수: 10


[573회차]
당첨번호: [2, 4, 20, 34, 35, 43], 보너스: 14
출현빈도 정렬: [20, 40, 1, 34, 37, 27, 17, 26, 4, 14, 13, 45, 5, 18, 31, 3, 43, 10, 25, 36, 29, 11, 24, 8, 12, 19, 39, 44, 15, 35, 42, 23, 32, 7, 33, 30, 2, 21, 22, 6, 16, 38, 41, 28, 9]
사용한 3개 순위 패턴 10개: [(46, 46, 46), (4, 46, 46), (3, 46, 46), (6, 10, 20), (13, 22, 36), (6, 24, 33), (13, 15, 31), (15, 17, 31), (1, 7, 20), (19, 25, 32)]
예측 개수: 10


[574회차]
당첨번호: [14, 15, 16, 19, 25, 43], 보너스: 2
출현빈도 정렬: [20, 40, 34, 1, 37, 27, 17, 26, 4, 14, 13, 45, 5, 18, 31, 43, 3, 10, 25, 36, 29, 11, 24, 8, 12, 19, 35, 39, 44, 15, 42, 23, 32, 7, 33, 2, 30, 21, 22, 6, 16, 38, 41, 28, 9]
사용한 3개 순위 패턴 10개: [(46, 46, 46), (4, 46, 46), (3, 46, 46), (6, 10, 20), (13, 22, 36), (6, 24, 33), (13, 15, 31), (15, 17, 31), (1, 7, 20), (19, 25, 32)]
예측 개수: 10


[575회차]
당첨번호: [2, 8, 20, 30, 33, 34], 보너스: 6
출현빈도 정렬: [20, 40, 34, 1, 37, 27, 17, 26, 4, 14, 13, 45, 5, 18, 43, 31, 3, 25, 10, 36, 29, 11, 19, 24, 8, 12, 15, 35, 39, 44, 42, 23, 32, 7, 33, 2, 30, 16, 21, 22, 6, 38, 41, 28, 9]
사용한 3개 순위 패턴 10개: [(46, 46, 46), (4, 46, 46), (3, 46, 46), (6, 10, 20), (13, 22, 36), (6, 24, 33), (13, 15, 31), (15, 17, 31), (1, 7, 20), (19, 25, 32)]
예측 개수: 10


[576회차]
당첨번호: [10, 11, 15, 25, 35, 41], 보너스: 13
출현빈도 정렬: [20, 40, 34, 1, 37, 27, 17, 26, 4, 14, 13, 45, 5, 18, 43, 31, 3, 25, 10, 36, 29, 8, 11, 19, 24, 12, 15, 35, 39, 44, 42, 23, 32, 33, 2, 7, 30, 16, 21, 22, 6, 38, 41, 28, 9]
사용한 3개 순위 패턴 10개: [(46, 46, 46), (4, 46, 46), (3, 46, 46), (6, 10, 20), (13, 22, 36), (6, 24, 33), (13, 15, 31), (15, 17, 31), (1, 7, 20), (19, 25, 32)]
예측 개수: 10


[577회차]
당첨번호: [16, 17, 22, 31, 34, 37], 보너스: 33
출현빈도 정렬: [20, 40, 34, 1, 37, 27, 17, 26, 4, 14, 13, 45, 5, 18, 43, 25, 31, 3, 10, 36, 11, 29, 8, 15, 19, 24, 35, 12, 39, 44, 42, 23, 32, 33, 2, 7, 30, 16, 21, 22, 6, 38, 41, 28, 9]
사용한 3개 순위 패턴 10개: [(46, 46, 46), (4, 46, 46), (3, 46, 46), (6, 10, 20), (13, 22, 36), (6, 24, 33), (13, 15, 31), (15, 17, 31), (1, 7, 20), (19, 25, 32)]
예측 개수: 10


[578회차]
당첨번호: [5, 12, 14, 32, 34, 42], 보너스: 16
출현빈도 정렬: [20, 40, 34, 37, 1, 27, 17, 26, 4, 14, 13, 45, 5, 18, 31, 43, 25, 3, 10, 36, 11, 29, 8, 15, 19, 24, 35, 12, 39, 44, 42, 23, 32, 33, 2, 7, 30, 16, 22, 21, 6, 38, 41, 28, 9]
사용한 3개 순위 패턴 10개: [(46, 46, 46), (4, 46, 46), (3, 46, 46), (6, 10, 20), (13, 22, 36), (6, 24, 33), (13, 15, 31), (15, 17, 31), (1, 7, 20), (19, 25, 32)]
예측 개수: 10


[579회차]
당첨번호: [5, 7, 20, 22, 37, 42], 보너스: 39
출현빈도 정렬: [20, 40, 34, 37, 1, 27, 17, 26, 4, 14, 5, 13, 45, 18, 31, 43, 25, 3, 10, 36, 11, 29, 8, 12, 15, 19, 24, 35, 39, 42, 44, 32, 23, 33, 2, 7, 30, 16, 22, 21, 6, 38, 41, 28, 9]
사용한 3개 순위 패턴 10개: [(46, 46, 46), (4, 46, 46), (3, 46, 46), (6, 10, 20), (13, 22, 36), (6, 24, 33), (13, 15, 31), (15, 17, 31), (1, 7, 20), (19, 25, 32)]
예측 개수: 10


[580회차]
당첨번호: [5, 7, 9, 11, 32, 35], 보너스: 33
출현빈도 정렬: [20, 40, 34, 37, 1, 27, 17, 26, 4, 14, 5, 13, 45, 18, 31, 43, 25, 3, 10, 36, 11, 29, 8, 12, 15, 19, 24, 35, 42, 39, 44, 32, 23, 7, 33, 2, 22, 30, 16, 21, 6, 38, 41, 28, 9]
사용한 3개 순위 패턴 10개: [(46, 46, 46), (4, 46, 46), (3, 46, 46), (6, 10, 20), (13, 22, 36), (6, 24, 33), (13, 15, 31), (15, 17, 31), (1, 7, 20), (19, 25, 32)]
예측 개수: 10


[581회차]
당첨번호: [3, 5, 14, 20, 42, 44], 보너스: 33
출현빈도 정렬: [20, 40, 34, 37, 1, 27, 17, 26, 4, 14, 5, 13, 45, 18, 31, 43, 25, 3, 10, 11, 36, 29, 35, 8, 12, 15, 19, 24, 42, 32, 39, 44, 7, 23, 33, 2, 22, 30, 16, 21, 6, 38, 41, 28, 9]
사용한 3개 순위 패턴 10개: [(46, 46, 46), (4, 46, 46), (3, 46, 46), (6, 10, 20), (13, 22, 36), (6, 24, 33), (13, 15, 31), (15, 17, 31), (1, 7, 20), (19, 25, 32)]
예측 개수: 10


[582회차]
당첨번호: [2, 12, 14, 33, 40, 41], 보너스: 25
출현빈도 정렬: [20, 40, 34, 37, 1, 27, 17, 26, 14, 4, 5, 13, 45, 18, 31, 43, 3, 25, 10, 11, 36, 29, 35, 42, 8, 12, 15, 19, 24, 44, 32, 39, 7, 23, 33, 2, 22, 30, 16, 21, 6, 38, 41, 28, 9]
사용한 3개 순위 패턴 10개: [(46, 46, 46), (4, 46, 46), (3, 46, 46), (6, 10, 20), (13, 22, 36), (6, 24, 33), (13, 15, 31), (15, 17, 31), (1, 7, 20), (19, 25, 32)]
예측 개수: 10


[583회차]
당첨번호: [8, 17, 27, 33, 40, 44], 보너스: 24
출현빈도 정렬: [20, 40, 34, 37, 1, 27, 17, 14, 26, 4, 5, 13, 45, 18, 31, 43, 3, 25, 10, 11, 36, 12, 29, 35, 42, 8, 15, 19, 24, 44, 32, 39, 7, 23, 33, 2, 22, 30, 16, 21, 6, 41, 38, 28, 9]
사용한 3개 순위 패턴 10개: [(46, 46, 46), (4, 46, 46), (3, 46, 46), (6, 10, 20), (13, 22, 36), (6, 24, 33), (13, 15, 31), (15, 17, 31), (1, 7, 20), (19, 25, 32)]
예측 개수: 10


[584회차]
당첨번호: [7, 18, 30, 39, 40, 41], 보너스: 36
출현빈도 정렬: [20, 40, 34, 37, 1, 27, 17, 14, 26, 4, 5, 13, 45, 18, 31, 43, 3, 25, 10, 11, 36, 8, 12, 29, 35, 42, 44, 15, 19, 24, 32, 39, 33, 7, 23, 2, 22, 30, 16, 21, 6, 41, 38, 28, 9]
사용한 3개 순위 패턴 10개: [(46, 46, 46), (4, 46, 46), (3, 46, 46), (6, 10, 20), (13, 22, 36), (6, 24, 33), (13, 15, 31), (15, 17, 31), (1, 7, 20), (19, 25, 32)]
예측 개수: 10


[585회차]
당첨번호: [6, 7, 10, 16, 38, 41], 보너스: 4
출현빈도 정렬: [20, 40, 34, 37, 1, 27, 17, 14, 26, 4, 5, 13, 18, 45, 31, 43, 3, 25, 10, 11, 36, 8, 12, 29, 35, 42, 44, 15, 19, 24, 39, 32, 7, 33, 23, 2, 30, 22, 16, 21, 6, 41, 38, 28, 9]
사용한 3개 순위 패턴 10개: [(46, 46, 46), (4, 46, 46), (3, 46, 46), (6, 10, 20), (13, 22, 36), (6, 24, 33), (13, 15, 31), (15, 17, 31), (1, 7, 20), (19, 25, 32)]
예측 개수: 10


[586회차]
당첨번호: [2, 7, 12, 15, 21, 34], 보너스: 5
출현빈도 정렬: [20, 40, 34, 37, 1, 27, 17, 14, 26, 4, 5, 13, 18, 45, 31, 43, 3, 10, 25, 11, 36, 8, 12, 29, 35, 42, 44, 15, 19, 24, 39, 7, 32, 33, 23, 2, 30, 16, 22, 6, 21, 41, 38, 28, 9]
사용한 3개 순위 패턴 10개: [(46, 46, 46), (4, 46, 46), (3, 46, 46), (6, 10, 20), (13, 22, 36), (6, 24, 33), (13, 15, 31), (15, 17, 31), (1, 7, 20), (19, 25, 32)]
예측 개수: 10


[587회차]
당첨번호: [14, 21, 29, 31, 32, 37], 보너스: 17
출현빈도 정렬: [20, 40, 34, 37, 1, 27, 17, 14, 26, 4, 5, 13, 18, 45, 31, 43, 3, 10, 25, 11, 12, 36, 8, 15, 29, 35, 42, 44, 7, 19, 24, 39, 32, 33, 2, 23, 30, 16, 22, 21, 6, 41, 38, 28, 9]
사용한 3개 순위 패턴 10개: [(46, 46, 46), (4, 46, 46), (3, 46, 46), (6, 10, 20), (13, 22, 36), (6, 24, 33), (13, 15, 31), (15, 17, 31), (1, 7, 20), (19, 25, 32)]
예측 개수: 10


[588회차]
당첨번호: [2, 8, 15, 22, 25, 41], 보너스: 30
출현빈도 정렬: [20, 40, 34, 37, 1, 27, 17, 14, 26, 4, 5, 13, 18, 31, 45, 43, 3, 10, 25, 11, 12, 29, 36, 8, 15, 35, 42, 44, 7, 19, 24, 32, 39, 33, 2, 23, 30, 16, 21, 22, 6, 41, 38, 28, 9]
사용한 3개 순위 패턴 10개: [(46, 46, 46), (4, 46, 46), (3, 46, 46), (6, 10, 20), (3, 28, 36), (13, 22, 36), (6, 24, 33), (13, 15, 31), (15, 17, 31), (1, 7, 20)]
예측 개수: 10


[589회차]
당첨번호: [6, 8, 28, 33, 38, 39], 보너스: 22
출현빈도 정렬: [20, 40, 34, 37, 1, 27, 17, 14, 26, 4, 5, 13, 18, 31, 45, 25, 43, 3, 10, 8, 11, 12, 15, 29, 36, 35, 42, 44, 7, 19, 24, 32, 39, 2, 33, 23, 22, 30, 16, 21, 41, 6, 38, 28, 9]
사용한 3개 순위 패턴 10개: [(46, 46, 46), (4, 46, 46), (3, 46, 46), (6, 10, 20), (3, 28, 36), (13, 22, 36), (6, 24, 33), (13, 15, 31), (15, 17, 31), (1, 7, 20)]
예측 개수: 10


[590회차]
당첨번호: [20, 30, 36, 38, 41, 45], 보너스: 23
출현빈도 정렬: [20, 40, 34, 37, 1, 27, 17, 14, 26, 4, 5, 13, 18, 31, 45, 25, 43, 3, 10, 8, 11, 12, 15, 29, 36, 35, 39, 42, 44, 7, 19, 24, 32, 33, 2, 23, 22, 30, 16, 21, 6, 41, 38, 28, 9]
사용한 3개 순위 패턴 10개: [(46, 46, 46), (4, 46, 46), (3, 46, 46), (6, 10, 20), (3, 28, 36), (13, 22, 36), (6, 24, 33), (13, 15, 31), (15, 17, 31), (1, 7, 20)]
예측 개수: 10


[591회차]
당첨번호: [8, 13, 14, 30, 38, 39], 보너스: 5
출현빈도 정렬: [20, 40, 34, 37, 1, 27, 17, 14, 26, 4, 5, 45, 13, 18, 31, 25, 43, 3, 10, 8, 36, 11, 12, 15, 29, 35, 39, 42, 44, 7, 19, 24, 32, 33, 2, 23, 30, 22, 16, 21, 41, 6, 38, 28, 9]
사용한 3개 순위 패턴 10개: [(46, 46, 46), (4, 46, 46), (3, 46, 46), (6, 10, 20), (3, 28, 36), (13, 22, 36), (6, 24, 33), (13, 15, 31), (15, 17, 31), (1, 7, 20)]
예측 개수: 10


[592회차]
당첨번호: [2, 5, 6, 13, 28, 44], 보너스: 43
출현빈도 정렬: [20, 40, 34, 37, 1, 27, 14, 17, 26, 4, 5, 13, 45, 18, 31, 25, 43, 3, 8, 10, 36, 11, 12, 15, 29, 39, 35, 42, 44, 7, 19, 24, 32, 33, 2, 30, 23, 22, 16, 21, 41, 6, 38, 28, 9]
사용한 3개 순위 패턴 10개: [(46, 46, 46), (4, 46, 46), (3, 46, 46), (6, 10, 20), (3, 28, 36), (13, 22, 36), (6, 24, 33), (13, 15, 31), (15, 17, 31), (1, 7, 20)]
예측 개수: 10


[593회차]
당첨번호: [9, 10, 13, 24, 33, 38], 보너스: 28
출현빈도 정렬: [20, 40, 34, 37, 1, 27, 14, 17, 26, 5, 4, 13, 45, 18, 31, 25, 43, 3, 8, 10, 36, 11, 12, 15, 29, 39, 44, 35, 42, 7, 19, 24, 32, 2, 33, 30, 23, 22, 6, 16, 21, 41, 38, 28, 9]
사용한 3개 순위 패턴 10개: [(46, 46, 46), (4, 46, 46), (13, 20, 37), (3, 46, 46), (6, 10, 20), (3, 28, 36), (13, 22, 36), (6, 24, 33), (13, 15, 31), (15, 17, 31)]
예측 개수: 10


[594회차]
당첨번호: [2, 8, 13, 25, 28, 37], 보너스: 3
출현빈도 정렬: [20, 40, 34, 37, 1, 27, 14, 17, 26, 5, 4, 13, 45, 18, 31, 10, 25, 43, 3, 8, 36, 11, 12, 15, 29, 39, 44, 24, 35, 42, 7, 19, 32, 33, 2, 30, 23, 22, 6, 16, 21, 38, 41, 28, 9]
사용한 3개 순위 패턴 10개: [(46, 46, 46), (4, 46, 46), (13, 20, 37), (3, 46, 46), (6, 10, 20), (3, 28, 36), (13, 22, 36), (6, 24, 33), (13, 15, 31), (15, 17, 31)]
예측 개수: 10


[595회차]
당첨번호: [8, 24, 28, 35, 38, 40], 보너스: 5
출현빈도 정렬: [20, 40, 34, 37, 1, 27, 14, 17, 26, 5, 13, 4, 45, 18, 25, 31, 8, 10, 43, 3, 36, 11, 12, 15, 29, 39, 44, 24, 35, 42, 2, 7, 19, 32, 33, 30, 23, 22, 6, 16, 21, 38, 41, 28, 9]
사용한 3개 순위 패턴 10개: [(46, 46, 46), (4, 46, 46), (13, 20, 37), (3, 46, 46), (6, 10, 20), (3, 28, 36), (13, 22, 36), (6, 24, 33), (13, 15, 31), (15, 17, 31)]
예측 개수: 10


[596회차]
당첨번호: [3, 4, 12, 14, 25, 43], 보너스: 17
출현빈도 정렬: [20, 40, 34, 37, 1, 27, 14, 17, 26, 5, 13, 4, 45, 8, 18, 25, 31, 10, 43, 3, 36, 11, 12, 15, 24, 29, 35, 39, 44, 42, 2, 7, 19, 32, 33, 30, 23, 22, 38, 6, 16, 21, 41, 28, 9]
사용한 3개 순위 패턴 10개: [(46, 46, 46), (4, 46, 46), (13, 20, 37), (3, 46, 46), (6, 10, 20), (3, 28, 36), (13, 22, 36), (6, 24, 33), (13, 15, 31), (15, 17, 31)]
예측 개수: 10


[597회차]
당첨번호: [8, 10, 23, 24, 35, 43], 보너스: 37
출현빈도 정렬: [20, 40, 34, 37, 1, 27, 14, 17, 26, 4, 5, 13, 25, 45, 8, 18, 31, 43, 3, 10, 12, 36, 11, 15, 24, 29, 35, 39, 44, 42, 2, 7, 19, 32, 33, 30, 23, 22, 38, 6, 16, 21, 41, 28, 9]
사용한 3개 순위 패턴 10개: [(46, 46, 46), (4, 46, 46), (13, 20, 37), (3, 46, 46), (6, 10, 20), (3, 28, 36), (13, 22, 36), (6, 24, 33), (13, 15, 31), (15, 17, 31)]
예측 개수: 10


[598회차]
당첨번호: [4, 12, 24, 33, 38, 45], 보너스: 22
출현빈도 정렬: [20, 40, 34, 37, 1, 27, 14, 17, 26, 4, 5, 13, 8, 25, 43, 45, 10, 18, 31, 3, 12, 24, 35, 36, 11, 15, 29, 39, 44, 42, 2, 7, 19, 32, 33, 23, 30, 22, 38, 6, 16, 21, 41, 28, 9]
사용한 3개 순위 패턴 10개: [(46, 46, 46), (4, 46, 46), (13, 20, 37), (3, 46, 46), (6, 10, 20), (3, 28, 36), (13, 22, 36), (6, 24, 33), (13, 15, 31), (15, 17, 31)]
예측 개수: 10


[599회차]
당첨번호: [5, 12, 17, 29, 34, 35], 보너스: 27
출현빈도 정렬: [20, 40, 34, 37, 1, 27, 14, 17, 4, 26, 5, 13, 45, 8, 25, 43, 10, 18, 31, 3, 12, 24, 35, 36, 11, 15, 29, 39, 44, 33, 42, 2, 7, 19, 32, 23, 30, 38, 22, 6, 16, 21, 41, 28, 9]
사용한 3개 순위 패턴 10개: [(46, 46, 46), (4, 46, 46), (13, 20, 37), (3, 46, 46), (6, 10, 20), (3, 28, 36), (13, 22, 36), (6, 24, 33), (13, 15, 31), (15, 17, 31)]
예측 개수: 10


[600회차]
당첨번호: [5, 11, 14, 27, 29, 36], 보너스: 44
출현빈도 정렬: [20, 40, 34, 37, 1, 27, 14, 17, 4, 5, 26, 13, 45, 8, 25, 43, 10, 18, 31, 3, 12, 24, 35, 29, 36, 11, 15, 39, 44, 33, 42, 2, 7, 19, 32, 23, 30, 38, 22, 6, 16, 21, 41, 28, 9]
사용한 3개 순위 패턴 10개: [(46, 46, 46), (4, 46, 46), (13, 20, 37), (3, 46, 46), (6, 10, 20), (3, 28, 36), (13, 22, 36), (6, 24, 33), (13, 15, 31), (15, 17, 31)]
예측 개수: 10
