[701회차]
당첨번호: [3, 10, 14, 16, 36, 38], 보너스: 35
출현빈도 정렬: [40, 20, 27, 34, 1, 37, 14, 17, 5, 8, 4, 13, 26, 18, 25, 43, 7, 11, 15, 31, 39, 33, 44, 45, 3, 10, 12, 19, 24, 36, 38, 2, 29, 35, 6, 23, 42, 16, 21, 32, 41, 28, 30, 22, 9]
사용한 3개 순위 패턴 10개: [(46, 46, 46), (4, 46, 46), (15, 17, 31), (8, 21, 23), (13, 20, 37), (2, 10, 14), (9, 20, 33), (5, 7, 12), (5, 9, 17), (3, 46, 46)]
예측 개수: 10


[702회차]
당첨번호: [3, 13, 16, 24, 26, 29], 보너스: 9
출현빈도 정렬: [40, 20, 27, 34, 1, 14, 37, 17, 5, 8, 4, 13, 26, 18, 25, 43, 7, 11, 15, 31, 39, 33, 44, 45, 3, 10, 36, 12, 19, 24, 38, 2, 29, 35, 6, 16, 23, 42, 21, 32, 41, 28, 30, 22, 9]
사용한 3개 순위 패턴 10개: [(46, 46, 46), (4, 46, 46), (15, 17, 31), (8, 21, 23), (13, 20, 37), (2, 10, 14), (9, 20, 33), (5, 7, 12), (5, 9, 17), (3, 46, 46)]
예측 개수: 10


[703회차]
당첨번호: [10, 28, 31, 33, 41, 44], 보너스: 21
출현빈도 정렬: [40, 20, 27, 34, 1, 14, 37, 17, 5, 8, 4, 13, 26, 18, 25, 43, 7, 11, 15, 31, 39, 3, 33, 44, 45, 10, 24, 36, 12, 19, 38, 29, 2, 35, 16, 6, 23, 42, 21, 32, 41, 28, 30, 22, 9]
사용한 3개 순위 패턴 10개: [(46, 46, 46), (4, 46, 46), (15, 17, 31), (8, 21, 23), (13, 20, 37), (2, 10, 14), (9, 20, 33), (5, 7, 12), (5, 9, 17), (3, 46, 46)]
예측 개수: 10


[704회차]
당첨번호: [1, 4, 8, 23, 33, 42], 보너스: 45
출현빈도 정렬: [40, 20, 27, 34, 1, 14, 37, 17, 5, 8, 4, 13, 26, 18, 25, 43, 7, 11, 15, 31, 39, 33, 44, 3, 10, 45, 24, 36, 12, 19, 38, 29, 2, 35, 16, 6, 23, 42, 21, 32, 41, 28, 30, 22, 9]
사용한 3개 순위 패턴 10개: [(46, 46, 46), (4, 46, 46), (15, 17, 31), (8, 21, 23), (13, 20, 37), (2, 10, 14), (9, 20, 33), (5, 7, 12), (5, 9, 17), (3, 46, 46)]
예측 개수: 10


[705회차]
당첨번호: [1, 6, 17, 22, 28, 45], 보너스: 23
출현빈도 정렬: [40, 20, 27, 34, 1, 14, 37, 17, 5, 8, 4, 13, 26, 18, 25, 43, 7, 11, 15, 31, 33, 39, 44, 3, 10, 45, 24, 36, 12, 19, 38, 29, 2, 35, 16, 23, 42, 6, 21, 32, 41, 28, 30, 22, 9]
사용한 3개 순위 패턴 10개: [(46, 46, 46), (4, 46, 46), (15, 17, 31), (8, 21, 23), (13, 20, 37), (2, 10, 14), (9, 20, 33), (5, 7, 12), (5, 9, 17), (3, 46, 46)]
예측 개수: 10


[706회차]
당첨번호: [3, 4, 6, 10, 28, 30], 보너스: 37
출현빈도 정렬: [40, 20, 27, 34, 1, 14, 17, 37, 5, 8, 4, 13, 26, 18, 25, 43, 7, 11, 15, 31, 33, 39, 44, 45, 3, 10, 24, 36, 12, 19, 38, 29, 2, 35, 6, 16, 23, 42, 21, 32, 28, 41, 22, 30, 9]
사용한 3개 순위 패턴 10개: [(46, 46, 46), (4, 46, 46), (15, 17, 31), (8, 21, 23), (13, 20, 37), (2, 10, 14), (9, 20, 33), (5, 7, 12), (5, 9, 17), (3, 46, 46)]
예측 개수: 10


[707회차]
당첨번호: [2, 12, 19, 24, 39, 44], 보너스: 35
출현빈도 정렬: [40, 20, 27, 34, 1, 14, 17, 37, 4, 5, 8, 13, 26, 18, 25, 43, 7, 11, 15, 31, 33, 39, 3, 10, 44, 45, 24, 36, 12, 19, 38, 29, 2, 6, 35, 16, 23, 42, 21, 28, 32, 41, 30, 22, 9]
사용한 3개 순위 패턴 10개: [(46, 46, 46), (4, 46, 46), (15, 17, 31), (8, 21, 23), (13, 20, 37), (2, 10, 14), (9, 20, 33), (5, 7, 12), (5, 9, 17), (3, 46, 46)]
예측 개수: 10


[708회차]
당첨번호: [2, 10, 16, 19, 34, 45], 보너스: 1
출현빈도 정렬: [40, 20, 27, 34, 1, 14, 17, 37, 4, 5, 8, 13, 26, 18, 25, 43, 7, 11, 15, 31, 39, 33, 44, 3, 10, 45, 24, 12, 19, 36, 38, 2, 29, 6, 35, 16, 23, 42, 21, 28, 32, 41, 30, 22, 9]
사용한 3개 순위 패턴 10개: [(46, 46, 46), (4, 46, 46), (15, 17, 31), (8, 21, 23), (13, 20, 37), (2, 10, 14), (9, 20, 33), (11, 25, 44), (5, 7, 12), (5, 9, 17)]
예측 개수: 10


[709회차]
당첨번호: [10, 18, 30, 36, 39, 44], 보너스: 32
출현빈도 정렬: [40, 20, 27, 34, 1, 14, 17, 37, 4, 5, 8, 13, 26, 18, 25, 43, 7, 11, 15, 31, 39, 10, 33, 44, 45, 3, 19, 24, 12, 36, 38, 2, 29, 6, 16, 35, 23, 42, 21, 28, 32, 41, 30, 22, 9]
사용한 3개 순위 패턴 10개: [(46, 46, 46), (4, 46, 46), (15, 17, 31), (8, 21, 23), (13, 20, 37), (2, 10, 14), (9, 20, 33), (11, 25, 44), (5, 7, 12), (5, 9, 17)]
예측 개수: 10


[710회차]
당첨번호: [3, 4, 9, 24, 25, 33], 보너스: 10
출현빈도 정렬: [40, 20, 27, 34, 1, 14, 17, 37, 4, 5, 8, 13, 26, 18, 25, 39, 43, 7, 10, 11, 15, 31, 44, 33, 45, 3, 19, 24, 36, 12, 38, 2, 29, 6, 16, 35, 23, 42, 21, 28, 32, 30, 41, 22, 9]
사용한 3개 순위 패턴 10개: [(46, 46, 46), (4, 46, 46), (15, 17, 31), (8, 21, 23), (13, 20, 37), (2, 10, 14), (9, 20, 33), (11, 25, 44), (5, 7, 12), (5, 9, 17)]
예측 개수: 10


[711회차]
당첨번호: [11, 15, 24, 35, 37, 45], 보너스: 42
출현빈도 정렬: [40, 20, 27, 34, 1, 14, 17, 37, 4, 5, 8, 13, 26, 18, 25, 39, 43, 7, 10, 11, 15, 31, 33, 44, 3, 45, 24, 19, 36, 12, 38, 2, 29, 6, 16, 35, 23, 42, 21, 28, 32, 30, 41, 22, 9]
사용한 3개 순위 패턴 10개: [(46, 46, 46), (4, 46, 46), (15, 17, 31), (8, 21, 23), (13, 20, 37), (2, 10, 14), (9, 20, 33), (11, 25, 44), (5, 7, 12), (5, 9, 17)]
예측 개수: 10


[712회차]
당첨번호: [17, 20, 30, 31, 33, 45], 보너스: 19
출현빈도 정렬: [40, 20, 27, 34, 1, 37, 14, 17, 4, 5, 8, 13, 26, 18, 25, 11, 15, 39, 43, 7, 10, 31, 33, 44, 45, 3, 24, 19, 36, 12, 38, 2, 29, 35, 6, 16, 23, 42, 21, 28, 32, 30, 41, 22, 9]
사용한 3개 순위 패턴 10개: [(46, 46, 46), (4, 46, 46), (15, 17, 31), (8, 21, 23), (13, 20, 37), (2, 10, 14), (9, 20, 33), (11, 25, 44), (5, 7, 12), (5, 9, 17)]
예측 개수: 10


[713회차]
당첨번호: [2, 5, 15, 18, 19, 23], 보너스: 44
출현빈도 정렬: [20, 40, 27, 34, 1, 17, 37, 14, 4, 5, 8, 13, 26, 18, 25, 11, 15, 31, 33, 39, 43, 45, 7, 10, 44, 3, 24, 19, 36, 12, 38, 2, 29, 35, 6, 16, 23, 42, 21, 28, 30, 32, 41, 22, 9]
사용한 3개 순위 패턴 10개: [(46, 46, 46), (4, 46, 46), (15, 17, 31), (8, 21, 23), (13, 20, 37), (2, 10, 14), (9, 20, 33), (11, 25, 44), (5, 7, 12), (5, 9, 17)]
예측 개수: 10


[714회차]
당첨번호: [1, 7, 22, 33, 37, 40], 보너스: 20
출현빈도 정렬: [20, 40, 27, 34, 1, 17, 37, 14, 4, 5, 8, 13, 18, 26, 15, 25, 11, 31, 33, 39, 43, 45, 7, 10, 44, 3, 24, 19, 36, 12, 2, 38, 29, 35, 6, 16, 23, 42, 21, 28, 30, 32, 41, 22, 9]
사용한 3개 순위 패턴 10개: [(46, 46, 46), (4, 46, 46), (15, 17, 31), (8, 21, 23), (13, 20, 37), (2, 10, 14), (9, 20, 33), (11, 25, 44), (5, 7, 12), (5, 9, 17)]
예측 개수: 10


[715회차]
당첨번호: [2, 7, 27, 33, 41, 44], 보너스: 10
출현빈도 정렬: [40, 20, 27, 34, 1, 37, 17, 14, 4, 5, 8, 13, 18, 26, 15, 25, 33, 7, 11, 31, 39, 43, 45, 10, 44, 3, 24, 19, 36, 12, 2, 38, 29, 35, 6, 16, 23, 42, 21, 28, 30, 32, 41, 22, 9]
사용한 3개 순위 패턴 10개: [(46, 46, 46), (4, 46, 46), (15, 17, 31), (8, 21, 23), (13, 20, 37), (2, 10, 14), (9, 20, 33), (11, 25, 44), (5, 7, 12), (5, 9, 17)]
예측 개수: 10


[716회차]
당첨번호: [2, 6, 13, 16, 29, 30], 보너스: 21
출현빈도 정렬: [40, 20, 27, 34, 1, 37, 17, 14, 4, 5, 8, 13, 18, 26, 33, 7, 15, 25, 11, 31, 39, 43, 44, 45, 10, 3, 24, 19, 36, 2, 12, 38, 29, 35, 6, 16, 23, 42, 21, 28, 30, 32, 41, 22, 9]
사용한 3개 순위 패턴 10개: [(46, 46, 46), (4, 46, 46), (15, 17, 31), (8, 21, 23), (13, 20, 37), (2, 10, 14), (9, 20, 33), (11, 25, 44), (5, 7, 12), (5, 9, 17)]
예측 개수: 10


[717회차]
당첨번호: [2, 11, 19, 25, 28, 32], 보너스: 44
출현빈도 정렬: [40, 20, 27, 34, 1, 37, 17, 14, 4, 5, 8, 13, 18, 26, 33, 7, 15, 25, 11, 31, 39, 43, 44, 45, 10, 3, 24, 19, 2, 36, 12, 38, 29, 6, 16, 35, 23, 42, 21, 30, 28, 32, 41, 22, 9]
사용한 3개 순위 패턴 10개: [(46, 46, 46), (4, 46, 46), (15, 17, 31), (8, 21, 23), (13, 20, 37), (2, 10, 14), (9, 20, 33), (11, 25, 44), (5, 7, 12), (5, 9, 17)]
예측 개수: 10


[718회차]
당첨번호: [4, 11, 20, 23, 32, 39], 보너스: 40
출현빈도 정렬: [40, 20, 27, 34, 1, 37, 17, 14, 4, 5, 8, 13, 18, 25, 26, 33, 7, 11, 15, 31, 39, 43, 44, 45, 10, 3, 19, 24, 2, 36, 12, 38, 29, 6, 16, 35, 23, 42, 21, 28, 30, 32, 41, 22, 9]
사용한 3개 순위 패턴 10개: [(46, 46, 46), (4, 46, 46), (15, 17, 31), (8, 21, 23), (13, 20, 37), (2, 10, 14), (9, 20, 33), (11, 25, 44), (5, 7, 12), (5, 9, 17)]
예측 개수: 10


[719회차]
당첨번호: [4, 8, 13, 19, 20, 43], 보너스: 26
출현빈도 정렬: [20, 40, 27, 34, 1, 37, 17, 4, 14, 5, 8, 13, 11, 18, 25, 26, 33, 7, 15, 39, 31, 43, 44, 45, 10, 3, 19, 24, 2, 36, 12, 38, 29, 6, 16, 23, 35, 42, 21, 32, 28, 30, 41, 22, 9]
사용한 3개 순위 패턴 10개: [(46, 46, 46), (4, 46, 46), (15, 17, 31), (8, 21, 23), (13, 20, 37), (2, 10, 14), (9, 20, 33), (11, 25, 44), (5, 7, 12), (5, 9, 17)]
예측 개수: 10


[720회차]
당첨번호: [1, 12, 29, 34, 36, 37], 보너스: 41
출현빈도 정렬: [20, 40, 27, 34, 1, 37, 4, 17, 14, 5, 8, 13, 11, 18, 25, 26, 33, 7, 15, 39, 43, 31, 44, 45, 10, 19, 3, 24, 2, 36, 12, 38, 29, 6, 16, 23, 35, 42, 21, 32, 28, 30, 41, 22, 9]
사용한 3개 순위 패턴 10개: [(46, 46, 46), (4, 46, 46), (15, 17, 31), (8, 21, 23), (13, 20, 37), (2, 10, 14), (9, 20, 33), (11, 25, 44), (5, 7, 12), (5, 9, 17)]
예측 개수: 10


[721회차]
당첨번호: [1, 28, 35, 41, 43, 44], 보너스: 31
출현빈도 정렬: [20, 40, 27, 34, 1, 37, 4, 17, 14, 5, 8, 13, 11, 18, 25, 26, 33, 7, 15, 39, 43, 31, 44, 45, 10, 19, 3, 24, 2, 36, 12, 29, 38, 6, 16, 23, 35, 42, 21, 32, 28, 30, 41, 22, 9]
사용한 3개 순위 패턴 10개: [(46, 46, 46), (4, 46, 46), (15, 17, 31), (8, 21, 23), (13, 20, 37), (2, 10, 14), (9, 20, 33), (11, 25, 44), (5, 7, 12), (5, 9, 17)]
예측 개수: 10


[722회차]
당첨번호: [12, 14, 21, 30, 39, 43], 보너스: 45
출현빈도 정렬: [20, 40, 27, 34, 1, 37, 4, 17, 14, 5, 8, 13, 11, 18, 25, 26, 33, 43, 7, 15, 39, 44, 31, 45, 10, 19, 3, 24, 2, 36, 12, 29, 38, 35, 6, 16, 23, 42, 21, 28, 32, 30, 41, 22, 9]
사용한 3개 순위 패턴 10개: [(46, 46, 46), (4, 46, 46), (15, 17, 31), (8, 21, 23), (13, 20, 37), (2, 10, 14), (9, 20, 33), (11, 25, 44), (5, 7, 12), (5, 9, 17)]
예측 개수: 10


[723회차]
당첨번호: [20, 30, 33, 35, 36, 44], 보너스: 22
출현빈도 정렬: [20, 40, 27, 34, 1, 37, 4, 14, 17, 5, 8, 13, 43, 11, 18, 25, 26, 33, 39, 7, 15, 44, 31, 45, 10, 19, 3, 24, 2, 12, 36, 29, 38, 35, 6, 16, 23, 42, 21, 28, 30, 32, 41, 22, 9]
사용한 3개 순위 패턴 10개: [(46, 46, 46), (4, 46, 46), (15, 17, 31), (8, 21, 23), (13, 20, 37), (2, 10, 14), (9, 20, 33), (11, 25, 44), (5, 7, 12), (5, 9, 17)]
예측 개수: 10


[724회차]
당첨번호: [2, 8, 33, 35, 37, 41], 보너스: 14
출현빈도 정렬: [20, 40, 27, 34, 1, 37, 4, 14, 17, 5, 8, 13, 33, 43, 11, 18, 25, 26, 39, 44, 7, 15, 31, 45, 10, 19, 3, 24, 36, 2, 12, 29, 35, 38, 6, 16, 23, 42, 21, 30, 28, 32, 41, 22, 9]
사용한 3개 순위 패턴 10개: [(46, 46, 46), (4, 46, 46), (15, 17, 31), (8, 21, 23), (13, 20, 37), (2, 10, 14), (9, 20, 33), (11, 25, 44), (5, 7, 12), (5, 9, 17)]
예측 개수: 10


[725회차]
당첨번호: [6, 7, 19, 21, 41, 43], 보너스: 38
출현빈도 정렬: [20, 40, 27, 34, 1, 37, 4, 14, 17, 8, 5, 13, 33, 43, 11, 18, 25, 26, 39, 44, 7, 15, 31, 45, 10, 19, 2, 3, 24, 36, 12, 35, 29, 38, 6, 16, 23, 42, 21, 30, 28, 32, 41, 22, 9]
사용한 3개 순위 패턴 10개: [(46, 46, 46), (4, 46, 46), (15, 17, 31), (8, 21, 23), (13, 20, 37), (2, 10, 14), (9, 20, 33), (11, 25, 44), (5, 7, 12), (5, 9, 17)]
예측 개수: 10


[726회차]
당첨번호: [1, 11, 21, 23, 34, 44], 보너스: 24
출현빈도 정렬: [20, 40, 27, 34, 1, 37, 4, 14, 17, 8, 5, 13, 33, 43, 7, 11, 18, 25, 26, 39, 44, 15, 19, 31, 45, 10, 2, 3, 24, 36, 12, 35, 29, 38, 6, 16, 23, 21, 42, 30, 41, 28, 32, 22, 9]
사용한 3개 순위 패턴 10개: [(46, 46, 46), (4, 46, 46), (15, 17, 31), (8, 21, 23), (13, 20, 37), (2, 10, 14), (6, 30, 33), (9, 20, 33), (11, 25, 44), (5, 7, 12)]
예측 개수: 10


[727회차]
당첨번호: [7, 8, 10, 19, 21, 31], 보너스: 20
출현빈도 정렬: [20, 40, 34, 27, 1, 37, 4, 14, 17, 8, 5, 13, 33, 43, 11, 44, 7, 18, 25, 26, 39, 15, 19, 31, 45, 10, 2, 3, 24, 36, 12, 35, 29, 38, 6, 23, 16, 21, 42, 30, 41, 28, 32, 22, 9]
사용한 3개 순위 패턴 10개: [(46, 46, 46), (4, 46, 46), (15, 17, 31), (8, 21, 23), (13, 20, 37), (2, 10, 14), (6, 30, 33), (9, 20, 33), (11, 25, 44), (5, 7, 12)]
예측 개수: 10


[728회차]
당첨번호: [3, 6, 10, 30, 34, 37], 보너스: 36
출현빈도 정렬: [20, 40, 34, 27, 1, 37, 4, 8, 14, 17, 5, 13, 33, 43, 7, 11, 44, 18, 25, 26, 39, 15, 19, 31, 10, 45, 2, 3, 24, 36, 12, 35, 29, 38, 6, 23, 16, 21, 42, 30, 41, 28, 32, 22, 9]
사용한 3개 순위 패턴 10개: [(46, 46, 46), (4, 46, 46), (15, 17, 31), (8, 21, 23), (13, 20, 37), (2, 10, 14), (6, 30, 33), (9, 20, 33), (11, 25, 44), (5, 7, 12)]
예측 개수: 10


[729회차]
당첨번호: [11, 17, 21, 26, 36, 45], 보너스: 16
출현빈도 정렬: [20, 40, 34, 27, 1, 37, 4, 8, 14, 17, 5, 13, 33, 43, 7, 11, 44, 18, 25, 26, 39, 10, 15, 19, 31, 45, 3, 2, 24, 36, 12, 35, 6, 29, 38, 23, 16, 21, 30, 42, 41, 28, 32, 22, 9]
사용한 3개 순위 패턴 10개: [(46, 46, 46), (4, 46, 46), (15, 17, 31), (8, 21, 23), (13, 20, 37), (2, 10, 14), (6, 30, 33), (9, 20, 33), (11, 25, 44), (5, 7, 12)]
예측 개수: 10


[730회차]
당첨번호: [4, 10, 14, 15, 18, 22], 보너스: 39
출현빈도 정렬: [20, 40, 34, 27, 1, 37, 17, 4, 8, 14, 5, 11, 13, 33, 43, 7, 26, 44, 18, 25, 39, 10, 15, 19, 31, 45, 3, 36, 2, 24, 12, 35, 6, 29, 38, 21, 23, 16, 30, 42, 41, 28, 32, 22, 9]
사용한 3개 순위 패턴 10개: [(46, 46, 46), (4, 46, 46), (15, 17, 31), (8, 21, 23), (13, 20, 37), (2, 10, 14), (6, 30, 33), (9, 20, 33), (11, 25, 44), (5, 7, 12)]
예측 개수: 10


[731회차]
당첨번호: [2, 7, 13, 25, 42, 45], 보너스: 39
출현빈도 정렬: [20, 40, 34, 27, 1, 37, 4, 14, 17, 8, 5, 11, 13, 33, 43, 7, 18, 26, 44, 10, 15, 25, 39, 19, 31, 45, 3, 36, 2, 24, 12, 35, 6, 29, 38, 21, 23, 16, 30, 42, 41, 28, 32, 22, 9]
사용한 3개 순위 패턴 10개: [(46, 46, 46), (4, 46, 46), (15, 17, 31), (8, 21, 23), (13, 20, 37), (2, 10, 14), (6, 30, 33), (9, 20, 33), (11, 25, 44), (5, 7, 12)]
예측 개수: 10


[732회차]
당첨번호: [2, 4, 5, 17, 27, 32], 보너스: 43
출현빈도 정렬: [20, 40, 34, 27, 1, 37, 4, 14, 17, 8, 5, 13, 7, 11, 33, 43, 18, 25, 26, 44, 10, 15, 39, 45, 19, 31, 2, 3, 36, 24, 12, 35, 6, 29, 38, 21, 23, 16, 42, 30, 41, 28, 32, 22, 9]
사용한 3개 순위 패턴 10개: [(46, 46, 46), (4, 46, 46), (15, 17, 31), (8, 21, 23), (13, 20, 37), (2, 10, 14), (6, 30, 33), (9, 20, 33), (11, 25, 44), (5, 7, 12)]
예측 개수: 10


[733회차]
당첨번호: [11, 24, 32, 33, 35, 40], 보너스: 13
출현빈도 정렬: [20, 40, 34, 27, 1, 37, 4, 17, 14, 8, 5, 13, 7, 11, 33, 43, 18, 25, 26, 44, 10, 15, 39, 45, 19, 31, 2, 3, 36, 24, 12, 35, 6, 29, 38, 21, 23, 16, 42, 30, 32, 41, 28, 22, 9]
사용한 3개 순위 패턴 10개: [(46, 46, 46), (4, 46, 46), (15, 17, 31), (8, 21, 23), (13, 20, 37), (2, 10, 14), (6, 30, 33), (9, 20, 33), (11, 25, 44), (5, 7, 12)]
예측 개수: 10


[734회차]
당첨번호: [6, 16, 37, 38, 41, 45], 보너스: 18
출현빈도 정렬: [20, 40, 34, 27, 1, 37, 4, 17, 14, 8, 5, 11, 13, 33, 7, 43, 18, 25, 26, 44, 10, 15, 39, 45, 19, 31, 2, 3, 24, 36, 12, 35, 6, 29, 38, 21, 23, 16, 42, 30, 32, 41, 28, 22, 9]
사용한 3개 순위 패턴 10개: [(46, 46, 46), (4, 46, 46), (15, 17, 31), (8, 21, 23), (13, 20, 37), (2, 10, 14), (6, 30, 33), (9, 20, 33), (11, 25, 44), (5, 7, 12)]
예측 개수: 10


[735회차]
당첨번호: [5, 10, 13, 27, 37, 41], 보너스: 4
출현빈도 정렬: [20, 40, 34, 27, 1, 37, 4, 17, 14, 8, 5, 11, 13, 33, 7, 43, 18, 25, 26, 44, 45, 10, 15, 39, 19, 31, 2, 3, 24, 36, 12, 35, 6, 38, 29, 16, 21, 23, 42, 30, 32, 41, 28, 22, 9]
사용한 3개 순위 패턴 10개: [(46, 46, 46), (4, 46, 46), (15, 17, 31), (8, 21, 23), (13, 20, 37), (2, 10, 14), (6, 30, 33), (9, 20, 33), (11, 25, 44), (5, 7, 12)]
예측 개수: 10


[736회차]
당첨번호: [2, 11, 17, 18, 21, 27], 보너스: 6
출현빈도 정렬: [20, 40, 27, 34, 37, 1, 4, 17, 14, 5, 8, 13, 11, 33, 7, 43, 10, 18, 25, 26, 44, 45, 15, 39, 19, 31, 2, 3, 24, 36, 12, 35, 6, 38, 29, 16, 21, 23, 41, 42, 30, 32, 28, 22, 9]
사용한 3개 순위 패턴 10개: [(46, 46, 46), (4, 46, 46), (15, 17, 31), (8, 21, 23), (6, 24, 33), (13, 20, 37), (2, 10, 14), (6, 30, 33), (9, 20, 33), (11, 25, 44)]
예측 개수: 10


[737회차]
당첨번호: [13, 15, 18, 24, 27, 41], 보너스: 11
출현빈도 정렬: [20, 40, 27, 34, 37, 1, 17, 4, 14, 5, 8, 11, 13, 33, 7, 18, 43, 10, 25, 26, 44, 45, 15, 39, 2, 19, 31, 3, 24, 36, 12, 35, 6, 38, 21, 29, 16, 23, 41, 42, 30, 32, 28, 22, 9]
사용한 3개 순위 패턴 10개: [(46, 46, 46), (4, 46, 46), (15, 17, 31), (8, 21, 23), (6, 24, 33), (13, 20, 37), (2, 10, 14), (6, 30, 33), (9, 20, 33), (11, 25, 44)]
예측 개수: 10


[738회차]
당첨번호: [23, 27, 28, 38, 42, 43], 보너스: 36
출현빈도 정렬: [20, 27, 40, 34, 37, 1, 17, 4, 14, 5, 8, 13, 11, 18, 33, 7, 43, 10, 15, 25, 26, 44, 45, 39, 2, 19, 31, 24, 3, 36, 12, 35, 6, 38, 21, 29, 16, 23, 41, 42, 30, 32, 28, 22, 9]
사용한 3개 순위 패턴 10개: [(46, 46, 46), (4, 46, 46), (15, 17, 31), (8, 21, 23), (6, 24, 33), (13, 20, 37), (2, 10, 14), (6, 30, 33), (9, 20, 33), (11, 25, 44)]
예측 개수: 10


[739회차]
당첨번호: [7, 22, 29, 33, 34, 35], 보너스: 30
출현빈도 정렬: [20, 27, 40, 34, 37, 1, 17, 4, 14, 5, 8, 13, 11, 18, 33, 43, 7, 10, 15, 25, 26, 44, 45, 39, 2, 19, 31, 24, 3, 36, 12, 35, 38, 6, 21, 23, 29, 16, 41, 42, 30, 32, 28, 22, 9]
사용한 3개 순위 패턴 10개: [(46, 46, 46), (4, 46, 46), (15, 17, 31), (8, 21, 23), (6, 24, 33), (13, 20, 37), (2, 10, 14), (6, 30, 33), (9, 20, 33), (11, 25, 44)]
예측 개수: 10


[740회차]
당첨번호: [4, 8, 9, 16, 17, 19], 보너스: 31
출현빈도 정렬: [20, 27, 40, 34, 37, 1, 17, 4, 14, 5, 8, 13, 11, 33, 7, 18, 43, 10, 15, 25, 26, 44, 45, 39, 2, 19, 31, 24, 3, 36, 12, 35, 38, 6, 29, 21, 23, 16, 41, 42, 30, 32, 28, 22, 9]
사용한 3개 순위 패턴 10개: [(46, 46, 46), (4, 46, 46), (15, 17, 31), (8, 21, 23), (6, 24, 33), (13, 20, 37), (2, 10, 14), (6, 30, 33), (9, 20, 33), (11, 25, 44)]
예측 개수: 10


[741회차]
당첨번호: [5, 21, 27, 34, 44, 45], 보너스: 16
출현빈도 정렬: [20, 27, 40, 34, 37, 1, 17, 4, 8, 14, 5, 13, 11, 33, 7, 18, 43, 10, 15, 25, 26, 44, 45, 19, 39, 2, 31, 24, 3, 36, 12, 35, 38, 6, 29, 16, 21, 23, 41, 42, 30, 32, 28, 22, 9]
사용한 3개 순위 패턴 10개: [(46, 46, 46), (4, 46, 46), (15, 17, 31), (8, 21, 23), (6, 24, 33), (13, 20, 37), (2, 10, 14), (6, 30, 33), (9, 20, 33), (11, 25, 44)]
예측 개수: 10


[742회차]
당첨번호: [8, 10, 13, 36, 37, 40], 보너스: 6
출현빈도 정렬: [27, 20, 34, 40, 37, 1, 17, 4, 5, 8, 14, 13, 11, 33, 7, 18, 43, 44, 45, 10, 15, 25, 26, 19, 39, 2, 31, 24, 3, 36, 12, 35, 38, 6, 21, 29, 16, 23, 41, 42, 30, 32, 28, 22, 9]
사용한 3개 순위 패턴 10개: [(46, 46, 46), (4, 46, 46), (15, 17, 31), (8, 21, 23), (6, 24, 33), (13, 20, 37), (2, 10, 14), (6, 30, 33), (9, 20, 33), (11, 25, 44)]
예측 개수: 10


[743회차]
당첨번호: [15, 19, 21, 34, 41, 44], 보너스: 10
출현빈도 정렬: [27, 20, 40, 34, 37, 1, 17, 4, 8, 5, 13, 14, 11, 33, 7, 18, 43, 10, 44, 45, 15, 25, 26, 19, 39, 2, 31, 24, 36, 3, 12, 35, 38, 6, 21, 29, 16, 23, 41, 42, 30, 32, 28, 22, 9]
사용한 3개 순위 패턴 10개: [(46, 46, 46), (4, 46, 46), (15, 17, 31), (8, 21, 23), (6, 24, 33), (13, 20, 37), (2, 10, 14), (6, 30, 33), (9, 20, 33), (11, 25, 44)]
예측 개수: 10


[744회차]
당첨번호: [10, 15, 18, 21, 34, 41], 보너스: 43
출현빈도 정렬: [27, 20, 34, 40, 37, 1, 17, 4, 8, 5, 13, 14, 11, 33, 7, 18, 43, 44, 10, 15, 45, 19, 25, 26, 39, 2, 31, 24, 36, 3, 12, 35, 21, 38, 6, 29, 16, 23, 41, 42, 30, 32, 28, 22, 9]
사용한 3개 순위 패턴 10개: [(46, 46, 46), (4, 46, 46), (15, 17, 31), (8, 21, 23), (6, 24, 33), (13, 20, 37), (2, 10, 14), (6, 30, 33), (9, 20, 33), (11, 25, 44)]
예측 개수: 10


[745회차]
당첨번호: [1, 2, 3, 9, 12, 23], 보너스: 10
출현빈도 정렬: [27, 34, 20, 40, 37, 1, 17, 4, 8, 5, 13, 14, 11, 18, 33, 7, 10, 15, 43, 44, 45, 19, 25, 26, 39, 2, 31, 24, 36, 3, 12, 21, 35, 38, 6, 29, 16, 23, 41, 42, 30, 32, 28, 22, 9]
사용한 3개 순위 패턴 10개: [(46, 46, 46), (4, 46, 46), (15, 17, 31), (8, 21, 23), (6, 24, 33), (13, 20, 37), (2, 10, 14), (6, 30, 33), (9, 20, 33), (11, 25, 44)]
예측 개수: 10


[746회차]
당첨번호: [3, 12, 33, 36, 42, 45], 보너스: 25
출현빈도 정렬: [27, 34, 20, 40, 37, 1, 17, 4, 8, 5, 13, 14, 11, 18, 33, 7, 10, 15, 43, 44, 45, 19, 25, 26, 2, 39, 31, 3, 24, 36, 12, 21, 35, 38, 6, 23, 29, 16, 41, 42, 30, 32, 28, 22, 9]
사용한 3개 순위 패턴 10개: [(46, 46, 46), (4, 46, 46), (15, 17, 31), (8, 21, 23), (6, 24, 33), (13, 20, 37), (2, 10, 14), (6, 30, 33), (9, 20, 33), (11, 25, 44)]
예측 개수: 10


[747회차]
당첨번호: [7, 9, 12, 14, 23, 28], 보너스: 17
출현빈도 정렬: [27, 34, 20, 40, 37, 1, 17, 4, 8, 5, 13, 14, 33, 11, 18, 7, 10, 15, 43, 44, 45, 19, 25, 26, 2, 39, 3, 31, 36, 24, 12, 21, 35, 38, 6, 23, 29, 16, 41, 42, 30, 32, 28, 22, 9]
사용한 3개 순위 패턴 10개: [(46, 46, 46), (4, 46, 46), (15, 17, 31), (8, 21, 23), (6, 24, 33), (13, 20, 37), (2, 10, 14), (6, 30, 33), (9, 20, 33), (11, 25, 44)]
예측 개수: 10


[748회차]
당첨번호: [3, 10, 13, 22, 31, 32], 보너스: 29
출현빈도 정렬: [27, 34, 20, 40, 37, 1, 17, 4, 8, 14, 5, 13, 33, 7, 11, 18, 10, 15, 43, 44, 45, 19, 25, 26, 2, 39, 3, 31, 36, 12, 24, 21, 35, 23, 38, 6, 29, 16, 41, 42, 28, 30, 32, 22, 9]
사용한 3개 순위 패턴 10개: [(46, 46, 46), (4, 46, 46), (15, 17, 31), (8, 21, 23), (6, 24, 33), (13, 20, 37), (2, 10, 14), (6, 30, 33), (9, 20, 33), (11, 25, 44)]
예측 개수: 10


[749회차]
당첨번호: [12, 14, 24, 26, 34, 45], 보너스: 41
출현빈도 정렬: [27, 34, 20, 40, 37, 1, 17, 4, 8, 13, 14, 5, 33, 7, 10, 11, 18, 15, 43, 44, 45, 19, 25, 26, 2, 3, 31, 39, 36, 12, 24, 21, 35, 23, 38, 6, 29, 16, 41, 42, 32, 28, 30, 22, 9]
사용한 3개 순위 패턴 10개: [(46, 46, 46), (4, 46, 46), (15, 17, 31), (8, 21, 23), (6, 24, 33), (13, 20, 37), (2, 10, 14), (6, 30, 33), (9, 20, 33), (11, 25, 44)]
예측 개수: 10


[750회차]
당첨번호: [1, 2, 15, 19, 24, 36], 보너스: 12
출현빈도 정렬: [34, 27, 20, 40, 37, 1, 17, 4, 14, 8, 13, 5, 33, 7, 10, 11, 18, 45, 15, 43, 44, 26, 19, 25, 2, 3, 31, 39, 12, 24, 36, 21, 35, 23, 38, 6, 29, 16, 41, 42, 32, 28, 30, 22, 9]
사용한 3개 순위 패턴 10개: [(46, 46, 46), (4, 46, 46), (15, 17, 31), (8, 21, 23), (6, 24, 33), (13, 20, 37), (2, 10, 14), (6, 30, 33), (9, 20, 33), (11, 25, 44)]
예측 개수: 10


[751회차]
당첨번호: [3, 4, 16, 20, 28, 44], 보너스: 17
출현빈도 정렬: [34, 27, 20, 40, 1, 37, 17, 4, 14, 8, 13, 5, 33, 7, 10, 11, 15, 18, 45, 43, 44, 19, 26, 2, 25, 3, 24, 31, 36, 39, 12, 21, 35, 23, 38, 6, 29, 16, 41, 42, 32, 28, 30, 22, 9]
사용한 3개 순위 패턴 10개: [(46, 46, 46), (4, 46, 46), (15, 17, 31), (8, 21, 23), (6, 24, 33), (13, 20, 37), (2, 10, 14), (6, 30, 33), (9, 20, 33), (11, 25, 44)]
예측 개수: 10


[752회차]
당첨번호: [4, 16, 20, 33, 40, 43], 보너스: 7
출현빈도 정렬: [34, 20, 27, 40, 1, 37, 4, 17, 14, 8, 13, 5, 33, 7, 10, 11, 15, 18, 44, 45, 43, 19, 26, 2, 3, 25, 24, 31, 36, 39, 12, 21, 35, 23, 38, 6, 16, 29, 41, 42, 28, 32, 30, 22, 9]
사용한 3개 순위 패턴 10개: [(46, 46, 46), (4, 46, 46), (15, 17, 31), (8, 21, 23), (6, 24, 33), (13, 20, 37), (2, 10, 14), (6, 30, 33), (9, 20, 33), (11, 25, 44)]
예측 개수: 10


[753회차]
당첨번호: [2, 17, 19, 24, 37, 41], 보너스: 3
출현빈도 정렬: [20, 34, 27, 40, 1, 37, 4, 17, 14, 8, 13, 5, 33, 7, 10, 11, 15, 18, 43, 44, 45, 19, 26, 2, 3, 25, 24, 31, 36, 39, 12, 21, 35, 16, 23, 38, 6, 29, 41, 42, 28, 32, 30, 22, 9]
사용한 3개 순위 패턴 10개: [(46, 46, 46), (4, 46, 46), (15, 17, 31), (8, 21, 23), (6, 24, 33), (13, 20, 37), (2, 10, 14), (6, 30, 33), (9, 20, 33), (11, 25, 44)]
예측 개수: 10


[754회차]
당첨번호: [2, 8, 17, 24, 29, 31], 보너스: 32
출현빈도 정렬: [20, 34, 27, 40, 37, 1, 4, 17, 14, 8, 13, 5, 33, 7, 10, 11, 15, 18, 43, 44, 45, 19, 2, 26, 3, 24, 25, 31, 36, 39, 12, 21, 35, 16, 23, 38, 6, 29, 41, 42, 28, 32, 30, 22, 9]
사용한 3개 순위 패턴 10개: [(46, 46, 46), (4, 46, 46), (15, 17, 31), (8, 21, 23), (6, 24, 33), (13, 20, 37), (2, 10, 14), (6, 30, 33), (9, 20, 33), (11, 25, 44)]
예측 개수: 10


[755회차]
당첨번호: [13, 14, 26, 28, 30, 36], 보너스: 37
출현빈도 정렬: [20, 34, 27, 40, 37, 1, 17, 4, 8, 14, 13, 5, 33, 7, 10, 11, 15, 18, 43, 44, 45, 2, 19, 24, 26, 3, 25, 31, 36, 39, 12, 21, 35, 16, 23, 29, 38, 6, 41, 42, 28, 32, 30, 22, 9]
사용한 3개 순위 패턴 10개: [(46, 46, 46), (4, 46, 46), (15, 17, 31), (8, 21, 23), (6, 24, 33), (13, 20, 37), (2, 10, 14), (6, 30, 33), (9, 20, 33), (11, 25, 44)]
예측 개수: 10


[756회차]
당첨번호: [10, 14, 16, 18, 27, 28], 보너스: 4
출현빈도 정렬: [20, 34, 27, 40, 37, 1, 17, 4, 14, 8, 13, 5, 33, 7, 10, 11, 15, 18, 43, 44, 45, 2, 19, 26, 24, 3, 25, 31, 36, 39, 12, 21, 35, 16, 23, 29, 38, 6, 41, 42, 28, 30, 32, 22, 9]
사용한 3개 순위 패턴 10개: [(46, 46, 46), (4, 46, 46), (15, 17, 31), (8, 21, 23), (6, 24, 33), (13, 20, 37), (2, 10, 14), (6, 30, 33), (9, 20, 33), (11, 25, 44)]
예측 개수: 10


[757회차]
당첨번호: [6, 7, 11, 17, 33, 44], 보너스: 1
출현빈도 정렬: [20, 27, 34, 40, 37, 1, 17, 4, 14, 8, 13, 5, 33, 10, 18, 7, 11, 15, 43, 44, 45, 2, 19, 26, 24, 3, 25, 31, 36, 39, 12, 16, 21, 35, 23, 29, 38, 6, 41, 28, 42, 30, 32, 22, 9]
사용한 3개 순위 패턴 10개: [(46, 46, 46), (4, 46, 46), (15, 17, 31), (8, 21, 23), (6, 24, 33), (13, 20, 37), (2, 10, 14), (6, 30, 33), (9, 20, 33), (11, 25, 44)]
예측 개수: 10


[758회차]
당첨번호: [5, 9, 12, 30, 39, 43], 보너스: 24
출현빈도 정렬: [20, 27, 34, 40, 37, 1, 17, 4, 14, 8, 13, 33, 5, 7, 10, 11, 18, 44, 15, 43, 45, 2, 19, 26, 24, 3, 25, 31, 36, 39, 12, 16, 21, 35, 6, 23, 29, 38, 41, 28, 42, 30, 32, 22, 9]
사용한 3개 순위 패턴 10개: [(46, 46, 46), (4, 46, 46), (15, 17, 31), (8, 21, 23), (6, 24, 33), (13, 20, 37), (2, 10, 14), (6, 30, 33), (9, 20, 33), (11, 25, 44)]
예측 개수: 10


[759회차]
당첨번호: [9, 33, 36, 40, 42, 43], 보너스: 32
출현빈도 정렬: [20, 27, 34, 40, 37, 1, 17, 4, 14, 8, 13, 5, 33, 7, 10, 11, 18, 43, 44, 15, 45, 2, 19, 26, 24, 3, 25, 31, 36, 39, 12, 16, 21, 35, 6, 23, 29, 38, 41, 28, 42, 30, 32, 22, 9]
사용한 3개 순위 패턴 10개: [(46, 46, 46), (4, 46, 46), (15, 17, 31), (8, 21, 23), (6, 24, 33), (13, 20, 37), (2, 10, 14), (6, 30, 33), (9, 20, 33), (11, 25, 44)]
예측 개수: 10


[760회차]
당첨번호: [10, 22, 27, 31, 42, 43], 보너스: 12
출현빈도 정렬: [20, 27, 34, 40, 37, 1, 17, 4, 14, 8, 13, 33, 5, 43, 7, 10, 11, 18, 44, 15, 45, 2, 19, 26, 24, 36, 3, 25, 31, 39, 12, 16, 21, 35, 6, 23, 29, 38, 41, 42, 28, 30, 32, 22, 9]
사용한 3개 순위 패턴 10개: [(46, 46, 46), (4, 46, 46), (15, 17, 31), (8, 21, 23), (6, 24, 33), (13, 20, 37), (2, 10, 14), (6, 30, 33), (9, 20, 33), (11, 25, 44)]
예측 개수: 10


[761회차]
당첨번호: [4, 7, 11, 24, 42, 45], 보너스: 30
출현빈도 정렬: [27, 20, 34, 40, 37, 1, 17, 4, 14, 8, 13, 33, 5, 43, 10, 7, 11, 18, 44, 15, 45, 2, 19, 26, 24, 31, 36, 3, 25, 39, 12, 16, 21, 35, 6, 23, 29, 38, 41, 42, 28, 30, 32, 22, 9]
사용한 3개 순위 패턴 10개: [(46, 46, 46), (4, 46, 46), (15, 17, 31), (8, 21, 23), (6, 24, 33), (13, 20, 37), (2, 10, 14), (6, 30, 33), (9, 20, 33), (11, 25, 44)]
예측 개수: 10


[762회차]
당첨번호: [1, 3, 12, 21, 26, 41], 보너스: 16
출현빈도 정렬: [27, 20, 34, 40, 37, 1, 17, 4, 14, 8, 13, 33, 5, 43, 7, 10, 11, 18, 44, 45, 15, 2, 19, 24, 26, 31, 36, 3, 25, 39, 12, 16, 21, 35, 6, 23, 29, 38, 42, 41, 28, 30, 32, 22, 9]
사용한 3개 순위 패턴 10개: [(46, 46, 46), (4, 46, 46), (15, 17, 31), (8, 21, 23), (6, 24, 33), (13, 20, 37), (2, 10, 14), (6, 30, 33), (9, 20, 33), (11, 25, 44)]
예측 개수: 10


[763회차]
당첨번호: [3, 8, 16, 32, 34, 43], 보너스: 10
출현빈도 정렬: [27, 20, 34, 40, 1, 37, 17, 4, 14, 8, 13, 33, 5, 43, 7, 10, 11, 18, 44, 45, 15, 26, 2, 19, 24, 3, 31, 36, 12, 25, 39, 21, 16, 35, 6, 23, 29, 38, 41, 42, 28, 30, 32, 22, 9]
사용한 3개 순위 패턴 10개: [(46, 46, 46), (4, 46, 46), (15, 17, 31), (8, 21, 23), (6, 24, 33), (13, 20, 37), (2, 10, 14), (6, 30, 33), (9, 20, 33), (11, 25, 44)]
예측 개수: 10


[764회차]
당첨번호: [7, 22, 24, 31, 34, 36], 보너스: 15
출현빈도 정렬: [27, 34, 20, 40, 1, 37, 17, 4, 14, 8, 13, 33, 43, 5, 7, 10, 11, 18, 44, 45, 15, 26, 2, 3, 19, 24, 31, 36, 12, 25, 39, 16, 21, 35, 6, 23, 29, 38, 41, 42, 28, 30, 32, 22, 9]
사용한 3개 순위 패턴 10개: [(46, 46, 46), (4, 46, 46), (15, 17, 31), (8, 21, 23), (6, 24, 33), (13, 20, 37), (2, 10, 14), (6, 30, 33), (9, 20, 33), (11, 25, 44)]
예측 개수: 10


[765회차]
당첨번호: [1, 3, 8, 12, 42, 43], 보너스: 33
출현빈도 정렬: [34, 27, 20, 40, 1, 37, 17, 4, 14, 8, 13, 33, 43, 5, 7, 10, 11, 18, 44, 45, 15, 24, 26, 2, 3, 19, 31, 36, 12, 25, 39, 16, 21, 35, 6, 23, 29, 38, 41, 42, 28, 30, 32, 22, 9]
사용한 3개 순위 패턴 10개: [(46, 46, 46), (4, 46, 46), (15, 17, 31), (8, 21, 23), (6, 24, 33), (13, 20, 37), (2, 10, 14), (6, 30, 33), (9, 20, 33), (11, 25, 44)]
예측 개수: 10


[766회차]
당첨번호: [9, 30, 34, 35, 39, 41], 보너스: 21
출현빈도 정렬: [34, 27, 20, 40, 1, 37, 17, 4, 8, 14, 43, 13, 33, 5, 7, 10, 11, 18, 44, 45, 3, 15, 24, 26, 2, 19, 31, 36, 12, 25, 39, 16, 21, 35, 42, 6, 23, 29, 38, 41, 28, 30, 32, 22, 9]
사용한 3개 순위 패턴 10개: [(46, 46, 46), (4, 46, 46), (15, 17, 31), (8, 21, 23), (6, 24, 33), (13, 20, 37), (2, 10, 14), (6, 30, 33), (9, 20, 33), (11, 25, 44)]
예측 개수: 10


[767회차]
당첨번호: [5, 15, 20, 31, 34, 42], 보너스: 22
출현빈도 정렬: [34, 27, 20, 40, 1, 37, 17, 4, 8, 14, 43, 13, 33, 5, 7, 10, 11, 18, 44, 45, 3, 15, 24, 26, 2, 19, 31, 36, 12, 39, 25, 16, 21, 35, 41, 42, 6, 23, 29, 38, 28, 30, 32, 22, 9]
사용한 3개 순위 패턴 10개: [(46, 46, 46), (4, 46, 46), (15, 17, 31), (8, 21, 23), (6, 24, 33), (13, 20, 37), (2, 10, 14), (6, 30, 33), (9, 20, 33), (11, 25, 44)]
예측 개수: 10


[768회차]
당첨번호: [7, 27, 29, 30, 38, 44], 보너스: 4
출현빈도 정렬: [34, 20, 27, 40, 1, 37, 17, 4, 8, 14, 43, 5, 13, 33, 7, 10, 11, 15, 18, 44, 45, 3, 24, 26, 31, 2, 19, 36, 12, 39, 25, 16, 21, 35, 42, 41, 6, 23, 29, 38, 28, 30, 32, 22, 9]
사용한 3개 순위 패턴 10개: [(46, 46, 46), (4, 46, 46), (15, 17, 31), (8, 21, 23), (6, 24, 33), (13, 20, 37), (2, 10, 14), (6, 30, 33), (9, 20, 33), (11, 25, 44)]
예측 개수: 10


[769회차]
당첨번호: [5, 7, 11, 16, 41, 45], 보너스: 4
출현빈도 정렬: [34, 27, 20, 40, 1, 37, 17, 4, 8, 14, 43, 5, 7, 13, 33, 10, 11, 44, 15, 18, 45, 3, 24, 26, 31, 2, 19, 36, 12, 39, 25, 16, 21, 35, 42, 29, 38, 41, 6, 23, 30, 28, 32, 22, 9]
사용한 3개 순위 패턴 10개: [(46, 46, 46), (4, 46, 46), (15, 17, 31), (8, 21, 23), (6, 24, 33), (13, 20, 37), (2, 10, 14), (6, 30, 33), (9, 20, 33), (11, 25, 44)]
예측 개수: 10


[770회차]
당첨번호: [1, 9, 12, 23, 39, 43], 보너스: 34
출현빈도 정렬: [34, 27, 20, 40, 1, 37, 17, 4, 8, 14, 5, 7, 43, 13, 33, 11, 10, 44, 45, 15, 18, 3, 24, 26, 31, 2, 19, 36, 12, 39, 25, 16, 21, 35, 41, 42, 29, 38, 6, 23, 30, 28, 32, 22, 9]
사용한 3개 순위 패턴 10개: [(46, 46, 46), (4, 46, 46), (15, 17, 31), (8, 21, 23), (6, 24, 33), (13, 20, 37), (2, 10, 14), (6, 30, 33), (9, 20, 33), (11, 25, 44)]
예측 개수: 10


[771회차]
당첨번호: [6, 10, 17, 18, 21, 29], 보너스: 30
출현빈도 정렬: [34, 27, 20, 40, 1, 37, 17, 4, 8, 14, 43, 5, 7, 13, 33, 11, 10, 44, 45, 15, 18, 3, 24, 26, 31, 2, 12, 19, 36, 39, 25, 16, 21, 35, 41, 42, 23, 29, 38, 6, 30, 28, 32, 22, 9]
사용한 3개 순위 패턴 10개: [(46, 46, 46), (4, 46, 46), (15, 17, 31), (8, 21, 23), (6, 24, 33), (13, 20, 37), (2, 10, 14), (6, 30, 33), (9, 20, 33), (11, 25, 44)]
예측 개수: 10


[772회차]
당첨번호: [5, 6, 11, 14, 21, 41], 보너스: 32
출현빈도 정렬: [34, 27, 20, 40, 1, 17, 37, 4, 8, 14, 43, 5, 7, 13, 33, 10, 11, 18, 44, 45, 15, 3, 24, 26, 31, 2, 12, 19, 36, 39, 25, 16, 21, 29, 35, 41, 42, 6, 23, 38, 30, 28, 32, 22, 9]
사용한 3개 순위 패턴 10개: [(46, 46, 46), (4, 46, 46), (15, 17, 31), (8, 21, 23), (6, 24, 33), (13, 20, 37), (2, 10, 14), (6, 30, 33), (9, 20, 33), (11, 25, 44)]
예측 개수: 10


[773회차]
당첨번호: [8, 12, 19, 21, 31, 35], 보너스: 44
출현빈도 정렬: [34, 27, 20, 40, 1, 17, 37, 4, 14, 5, 8, 43, 7, 11, 13, 33, 10, 18, 44, 45, 15, 3, 24, 26, 31, 2, 12, 19, 36, 39, 25, 21, 16, 41, 6, 29, 35, 42, 23, 38, 30, 28, 32, 22, 9]
사용한 3개 순위 패턴 10개: [(46, 46, 46), (4, 46, 46), (15, 17, 31), (8, 21, 23), (6, 24, 33), (13, 20, 37), (2, 10, 14), (6, 30, 33), (9, 20, 33), (11, 25, 44)]
예측 개수: 10


[774회차]
당첨번호: [12, 15, 18, 28, 34, 42], 보너스: 9
출현빈도 정렬: [34, 27, 20, 40, 1, 17, 37, 4, 8, 14, 5, 43, 7, 11, 13, 33, 10, 18, 44, 45, 15, 31, 3, 12, 19, 24, 26, 2, 36, 39, 25, 21, 16, 35, 41, 6, 29, 42, 23, 38, 30, 28, 32, 22, 9]
사용한 3개 순위 패턴 10개: [(46, 46, 46), (4, 46, 46), (15, 17, 31), (8, 21, 23), (6, 24, 33), (13, 20, 37), (2, 10, 14), (6, 30, 33), (9, 20, 33), (11, 25, 44)]
예측 개수: 10


[775회차]
당첨번호: [11, 12, 29, 33, 38, 42], 보너스: 17
출현빈도 정렬: [34, 27, 20, 40, 1, 17, 37, 4, 8, 14, 5, 43, 7, 11, 13, 33, 10, 18, 15, 44, 45, 12, 31, 3, 19, 24, 26, 2, 36, 39, 25, 21, 16, 35, 41, 42, 6, 29, 23, 38, 28, 30, 32, 22, 9]
사용한 3개 순위 패턴 10개: [(46, 46, 46), (4, 46, 46), (15, 17, 31), (8, 21, 23), (6, 24, 33), (13, 20, 37), (2, 10, 14), (6, 30, 33), (9, 20, 33), (11, 25, 44)]
예측 개수: 10


[776회차]
당첨번호: [8, 9, 18, 21, 28, 40], 보너스: 20
출현빈도 정렬: [34, 27, 20, 40, 1, 17, 37, 4, 8, 14, 5, 43, 7, 11, 33, 13, 10, 18, 12, 15, 44, 45, 31, 3, 19, 24, 26, 2, 36, 39, 25, 21, 42, 16, 29, 35, 41, 6, 38, 23, 28, 30, 32, 22, 9]
사용한 3개 순위 패턴 10개: [(46, 46, 46), (4, 46, 46), (15, 17, 31), (8, 21, 23), (6, 24, 33), (13, 20, 37), (2, 10, 14), (6, 30, 33), (9, 20, 33), (11, 25, 44)]
예측 개수: 10


[777회차]
당첨번호: [6, 12, 17, 21, 34, 37], 보너스: 18
출현빈도 정렬: [34, 27, 20, 40, 1, 17, 37, 8, 4, 14, 5, 43, 7, 11, 33, 13, 18, 10, 12, 15, 44, 45, 31, 3, 19, 24, 26, 2, 36, 39, 25, 21, 42, 16, 29, 35, 41, 6, 38, 23, 28, 30, 32, 22, 9]
사용한 3개 순위 패턴 10개: [(46, 46, 46), (4, 46, 46), (15, 17, 31), (8, 21, 23), (6, 24, 33), (13, 20, 37), (2, 10, 14), (6, 30, 33), (9, 20, 33), (11, 25, 44)]
예측 개수: 10


[778회차]
당첨번호: [6, 21, 35, 36, 37, 41], 보너스: 11
출현빈도 정렬: [34, 27, 20, 40, 1, 17, 37, 8, 4, 14, 5, 43, 7, 11, 33, 13, 18, 10, 12, 15, 44, 45, 31, 3, 19, 24, 26, 2, 36, 39, 21, 25, 42, 6, 16, 29, 35, 41, 38, 23, 28, 30, 32, 22, 9]
사용한 3개 순위 패턴 10개: [(46, 46, 46), (4, 46, 46), (15, 17, 31), (8, 21, 23), (6, 24, 33), (13, 20, 37), (9, 18, 41), (2, 10, 14), (6, 30, 33), (9, 20, 33)]
예측 개수: 10


[779회차]
당첨번호: [6, 12, 19, 24, 34, 41], 보너스: 4
출현빈도 정렬: [34, 27, 20, 40, 1, 37, 17, 8, 4, 14, 5, 43, 7, 11, 33, 13, 18, 10, 12, 15, 44, 45, 31, 3, 19, 24, 26, 36, 2, 39, 21, 25, 6, 35, 41, 42, 16, 29, 38, 23, 28, 30, 32, 22, 9]
사용한 3개 순위 패턴 10개: [(46, 46, 46), (4, 46, 46), (15, 17, 31), (8, 21, 23), (6, 24, 33), (13, 20, 37), (9, 18, 41), (2, 10, 14), (6, 30, 33), (9, 20, 33)]
예측 개수: 10


[780회차]
당첨번호: [15, 17, 19, 21, 27, 45], 보너스: 16
출현빈도 정렬: [34, 27, 20, 40, 1, 37, 17, 8, 4, 14, 5, 43, 7, 11, 33, 12, 13, 18, 10, 15, 44, 45, 19, 24, 31, 3, 26, 36, 2, 39, 21, 25, 6, 41, 35, 42, 16, 29, 38, 23, 28, 30, 32, 22, 9]
사용한 3개 순위 패턴 10개: [(46, 46, 46), (4, 46, 46), (15, 17, 31), (8, 21, 23), (6, 24, 33), (13, 20, 37), (9, 18, 41), (2, 10, 14), (6, 30, 33), (9, 20, 33)]
예측 개수: 10


[781회차]
당첨번호: [11, 16, 18, 19, 24, 39], 보너스: 43
출현빈도 정렬: [34, 27, 20, 40, 1, 17, 37, 8, 4, 14, 5, 43, 7, 11, 33, 12, 13, 18, 10, 15, 45, 19, 44, 24, 31, 3, 26, 36, 2, 21, 39, 25, 6, 41, 35, 42, 16, 29, 38, 23, 28, 30, 32, 22, 9]
사용한 3개 순위 패턴 10개: [(46, 46, 46), (4, 46, 46), (15, 17, 31), (8, 21, 23), (6, 24, 33), (13, 20, 37), (9, 18, 41), (2, 10, 14), (6, 30, 33), (9, 20, 33)]
예측 개수: 10


[782회차]
당첨번호: [6, 18, 31, 34, 38, 45], 보너스: 20
출현빈도 정렬: [34, 27, 20, 40, 1, 17, 37, 8, 4, 14, 5, 11, 43, 7, 18, 33, 12, 13, 10, 15, 19, 45, 24, 44, 31, 3, 26, 36, 39, 2, 21, 25, 6, 41, 16, 35, 42, 29, 38, 23, 28, 30, 32, 22, 9]
사용한 3개 순위 패턴 10개: [(46, 46, 46), (4, 46, 46), (15, 17, 31), (8, 21, 23), (6, 24, 33), (13, 20, 37), (9, 18, 41), (2, 10, 14), (6, 30, 33), (9, 20, 33)]
예측 개수: 10


[783회차]
당첨번호: [14, 15, 16, 17, 38, 45], 보너스: 36
출현빈도 정렬: [34, 27, 20, 40, 1, 17, 37, 8, 4, 14, 5, 11, 18, 43, 7, 33, 12, 13, 45, 10, 15, 19, 24, 31, 44, 3, 26, 36, 39, 2, 21, 25, 6, 41, 16, 35, 42, 29, 38, 23, 28, 30, 32, 22, 9]
사용한 3개 순위 패턴 10개: [(46, 46, 46), (4, 46, 46), (15, 17, 31), (8, 21, 23), (6, 24, 33), (13, 20, 37), (9, 18, 41), (2, 10, 14), (6, 30, 33), (9, 20, 33)]
예측 개수: 10


[784회차]
당첨번호: [3, 10, 23, 24, 31, 39], 보너스: 22
출현빈도 정렬: [34, 27, 20, 40, 17, 1, 37, 8, 14, 4, 5, 11, 18, 43, 7, 33, 45, 12, 13, 15, 10, 19, 24, 31, 44, 3, 26, 36, 39, 2, 21, 25, 6, 16, 41, 35, 38, 42, 29, 23, 28, 30, 32, 22, 9]
사용한 3개 순위 패턴 10개: [(46, 46, 46), (4, 46, 46), (15, 17, 31), (8, 21, 23), (6, 24, 33), (13, 20, 37), (9, 18, 41), (2, 10, 14), (6, 30, 33), (9, 20, 33)]
예측 개수: 10


[785회차]
당첨번호: [4, 6, 15, 25, 26, 33], 보너스: 40
출현빈도 정렬: [34, 27, 20, 40, 17, 1, 37, 8, 14, 4, 5, 11, 18, 43, 7, 33, 45, 10, 12, 13, 15, 19, 24, 31, 44, 3, 39, 26, 36, 2, 21, 25, 6, 16, 41, 35, 38, 42, 29, 23, 28, 30, 32, 22, 9]
사용한 3개 순위 패턴 10개: [(46, 46, 46), (4, 46, 46), (15, 17, 31), (8, 21, 23), (6, 24, 33), (13, 20, 37), (9, 18, 41), (2, 10, 14), (6, 30, 33), (9, 20, 33)]
예측 개수: 10


[786회차]
당첨번호: [12, 15, 16, 20, 24, 30], 보너스: 38
출현빈도 정렬: [34, 27, 20, 40, 17, 1, 37, 4, 8, 14, 5, 11, 18, 33, 43, 7, 15, 45, 10, 12, 13, 19, 24, 31, 44, 3, 26, 39, 36, 2, 21, 25, 6, 16, 41, 35, 38, 42, 29, 23, 28, 30, 32, 22, 9]
사용한 3개 순위 패턴 10개: [(46, 46, 46), (4, 46, 46), (15, 17, 31), (8, 21, 23), (6, 24, 33), (13, 20, 37), (9, 18, 41), (2, 10, 14), (6, 30, 33), (9, 20, 33)]
예측 개수: 10


[787회차]
당첨번호: [5, 6, 13, 16, 27, 28], 보너스: 9
출현빈도 정렬: [34, 27, 20, 40, 17, 1, 37, 4, 8, 14, 5, 11, 15, 18, 33, 43, 7, 12, 45, 10, 13, 24, 19, 31, 44, 3, 26, 39, 36, 2, 21, 25, 6, 16, 41, 35, 38, 42, 29, 23, 28, 30, 32, 22, 9]
사용한 3개 순위 패턴 10개: [(46, 46, 46), (4, 46, 46), (15, 17, 31), (8, 21, 23), (6, 24, 33), (13, 20, 37), (9, 18, 41), (2, 10, 14), (6, 30, 33), (9, 20, 33)]
예측 개수: 10


[788회차]
당첨번호: [2, 10, 11, 19, 35, 39], 보너스: 29
출현빈도 정렬: [34, 27, 20, 40, 17, 1, 37, 4, 8, 14, 5, 11, 15, 18, 33, 43, 7, 12, 13, 45, 10, 24, 19, 31, 44, 3, 26, 39, 36, 2, 21, 6, 25, 16, 41, 35, 38, 42, 29, 23, 28, 30, 32, 22, 9]
사용한 3개 순위 패턴 10개: [(46, 46, 46), (4, 46, 46), (15, 17, 31), (8, 21, 23), (6, 24, 33), (13, 20, 37), (9, 18, 41), (2, 10, 14), (6, 30, 33), (9, 20, 33)]
예측 개수: 10


[789회차]
당첨번호: [2, 6, 7, 12, 19, 45], 보너스: 38
출현빈도 정렬: [34, 27, 20, 40, 17, 1, 37, 4, 8, 14, 5, 11, 15, 18, 33, 43, 7, 10, 12, 13, 45, 19, 24, 31, 39, 44, 3, 26, 2, 36, 21, 6, 25, 16, 35, 41, 38, 42, 29, 23, 28, 30, 32, 22, 9]
사용한 3개 순위 패턴 10개: [(46, 46, 46), (4, 46, 46), (15, 17, 31), (8, 21, 23), (6, 24, 33), (13, 20, 37), (9, 18, 41), (2, 10, 14), (6, 30, 33), (9, 20, 33)]
예측 개수: 10


[790회차]
당첨번호: [3, 8, 19, 27, 30, 41], 보너스: 12
출현빈도 정렬: [34, 27, 20, 40, 17, 1, 37, 4, 8, 14, 5, 11, 7, 12, 15, 18, 33, 43, 45, 10, 13, 19, 24, 31, 39, 44, 2, 3, 26, 36, 6, 21, 25, 16, 35, 41, 38, 42, 29, 23, 28, 30, 32, 22, 9]
사용한 3개 순위 패턴 10개: [(46, 46, 46), (4, 46, 46), (15, 17, 31), (8, 21, 23), (6, 24, 33), (13, 20, 37), (9, 18, 41), (2, 10, 14), (6, 30, 33), (9, 20, 33)]
예측 개수: 10


[791회차]
당첨번호: [2, 10, 12, 31, 33, 42], 보너스: 32
출현빈도 정렬: [34, 27, 20, 40, 17, 1, 37, 8, 4, 14, 5, 11, 7, 12, 15, 18, 19, 33, 43, 45, 10, 13, 24, 31, 3, 39, 44, 2, 26, 36, 6, 21, 25, 16, 41, 35, 38, 42, 29, 23, 28, 30, 32, 22, 9]
사용한 3개 순위 패턴 10개: [(46, 46, 46), (4, 46, 46), (15, 17, 31), (8, 21, 23), (6, 24, 33), (13, 20, 37), (9, 18, 41), (2, 10, 14), (6, 30, 33), (9, 20, 33)]
예측 개수: 10


[792회차]
당첨번호: [2, 7, 19, 25, 29, 36], 보너스: 16
출현빈도 정렬: [34, 27, 20, 40, 17, 1, 37, 8, 4, 14, 5, 11, 12, 33, 7, 10, 15, 18, 19, 43, 45, 13, 24, 31, 2, 3, 39, 44, 26, 36, 6, 21, 25, 16, 41, 35, 42, 38, 29, 23, 28, 30, 32, 22, 9]
사용한 3개 순위 패턴 10개: [(46, 46, 46), (4, 46, 46), (15, 17, 31), (8, 21, 23), (6, 24, 33), (13, 20, 37), (9, 18, 41), (2, 10, 14), (6, 30, 33), (9, 20, 33)]
예측 개수: 10


[793회차]
당첨번호: [10, 15, 21, 35, 38, 43], 보너스: 31
출현빈도 정렬: [34, 27, 20, 40, 17, 1, 37, 8, 4, 14, 5, 7, 11, 12, 19, 33, 10, 15, 18, 43, 45, 13, 24, 31, 2, 3, 39, 44, 26, 36, 6, 21, 25, 16, 41, 35, 42, 29, 38, 23, 28, 30, 32, 22, 9]
사용한 3개 순위 패턴 10개: [(46, 46, 46), (4, 46, 46), (15, 17, 31), (8, 21, 23), (6, 24, 33), (13, 20, 37), (9, 18, 41), (2, 10, 14), (6, 30, 33), (9, 20, 33)]
예측 개수: 10


[794회차]
당첨번호: [6, 7, 18, 19, 30, 38], 보너스: 13
출현빈도 정렬: [34, 27, 20, 40, 17, 1, 37, 8, 4, 14, 5, 7, 10, 11, 12, 15, 19, 33, 43, 18, 45, 13, 24, 31, 2, 3, 39, 44, 26, 36, 21, 6, 25, 16, 35, 41, 38, 42, 29, 23, 28, 30, 32, 22, 9]
사용한 3개 순위 패턴 10개: [(46, 46, 46), (4, 46, 46), (15, 17, 31), (8, 21, 23), (6, 24, 33), (13, 20, 37), (9, 18, 41), (2, 10, 14), (6, 30, 33), (9, 20, 33)]
예측 개수: 10


[795회차]
당첨번호: [3, 10, 13, 26, 34, 38], 보너스: 36
출현빈도 정렬: [34, 27, 20, 40, 17, 1, 37, 8, 4, 7, 14, 19, 5, 10, 11, 12, 15, 18, 33, 43, 45, 13, 24, 31, 2, 3, 39, 44, 26, 36, 6, 21, 25, 16, 35, 38, 41, 42, 29, 23, 30, 28, 32, 22, 9]
사용한 3개 순위 패턴 10개: [(46, 46, 46), (4, 46, 46), (15, 17, 31), (8, 21, 23), (6, 24, 33), (13, 20, 37), (9, 18, 41), (2, 10, 14), (6, 30, 33), (9, 20, 33)]
예측 개수: 10


[796회차]
당첨번호: [1, 21, 26, 36, 40, 41], 보너스: 5
출현빈도 정렬: [34, 27, 20, 40, 17, 1, 37, 8, 4, 7, 10, 14, 19, 5, 11, 12, 15, 18, 33, 43, 13, 45, 24, 31, 2, 3, 26, 39, 44, 36, 6, 21, 25, 16, 38, 35, 41, 42, 29, 23, 30, 28, 32, 22, 9]
사용한 3개 순위 패턴 10개: [(46, 46, 46), (4, 46, 46), (15, 17, 31), (8, 21, 23), (6, 24, 33), (13, 20, 37), (9, 18, 41), (2, 10, 14), (6, 30, 33), (9, 20, 33)]
예측 개수: 10


[797회차]
당첨번호: [5, 22, 31, 32, 39, 45], 보너스: 36
출현빈도 정렬: [34, 27, 20, 40, 1, 17, 37, 8, 4, 7, 10, 14, 19, 5, 11, 12, 15, 18, 33, 43, 13, 45, 24, 31, 2, 3, 26, 36, 39, 44, 21, 6, 25, 16, 38, 41, 35, 42, 29, 23, 30, 28, 32, 22, 9]
사용한 3개 순위 패턴 10개: [(46, 46, 46), (4, 46, 46), (15, 17, 31), (8, 21, 23), (6, 24, 33), (13, 20, 37), (9, 18, 41), (2, 10, 14), (6, 30, 33), (9, 20, 33)]
예측 개수: 10


[798회차]
당첨번호: [2, 10, 14, 22, 32, 36], 보너스: 41
출현빈도 정렬: [34, 27, 20, 40, 1, 17, 37, 8, 4, 5, 7, 10, 14, 19, 11, 12, 15, 18, 33, 43, 45, 13, 31, 24, 2, 3, 26, 39, 36, 44, 21, 6, 25, 16, 38, 41, 35, 42, 29, 23, 30, 28, 32, 22, 9]
사용한 3개 순위 패턴 10개: [(46, 46, 46), (4, 46, 46), (15, 17, 31), (8, 21, 23), (6, 24, 33), (13, 20, 37), (9, 18, 41), (2, 10, 14), (6, 30, 33), (9, 20, 33)]
예측 개수: 10


[799회차]
당첨번호: [12, 17, 23, 34, 42, 45], 보너스: 33
출현빈도 정렬: [34, 27, 20, 40, 1, 17, 37, 8, 10, 14, 4, 5, 7, 19, 11, 12, 15, 18, 33, 43, 45, 13, 31, 2, 24, 3, 26, 36, 39, 44, 21, 6, 25, 16, 38, 41, 35, 42, 29, 23, 30, 28, 32, 22, 9]
사용한 3개 순위 패턴 10개: [(46, 46, 46), (4, 46, 46), (15, 17, 31), (8, 21, 23), (6, 24, 33), (13, 20, 37), (9, 18, 41), (2, 10, 14), (6, 30, 33), (9, 20, 33)]
예측 개수: 10


[800회차]
당첨번호: [1, 4, 10, 12, 28, 45], 보너스: 26
출현빈도 정렬: [34, 27, 20, 40, 17, 1, 37, 8, 10, 14, 4, 5, 7, 12, 19, 45, 11, 15, 18, 33, 43, 13, 31, 2, 24, 3, 26, 36, 39, 44, 21, 6, 25, 16, 38, 41, 35, 42, 29, 23, 30, 28, 32, 22, 9]
사용한 3개 순위 패턴 10개: [(46, 46, 46), (4, 46, 46), (15, 17, 31), (8, 21, 23), (6, 24, 33), (13, 20, 37), (9, 18, 41), (2, 10, 14), (6, 30, 33), (9, 20, 33)]
예측 개수: 10
