[1회차]
당첨번호: [10, 23, 29, 33, 37, 40], 보너스: 16
출현빈도 정렬: []
사용한 3개 순위 패턴 10개: []
예측 개수: 0


[2회차]
당첨번호: [9, 13, 21, 25, 32, 42], 보너스: 2
출현빈도 정렬: [10, 23, 29, 33, 37, 40]
사용한 3개 순위 패턴 10개: []
예측 개수: 0


[3회차]
당첨번호: [11, 16, 19, 21, 27, 31], 보너스: 30
출현빈도 정렬: [9, 10, 13, 21, 23, 25, 29, 32, 33, 37, 40, 42]
사용한 3개 순위 패턴 10개: []
예측 개수: 0


[4회차]
당첨번호: [14, 27, 30, 31, 40, 42], 보너스: 2
출현빈도 정렬: [21, 9, 10, 11, 13, 16, 19, 23, 25, 27, 29, 31, 32, 33, 37, 40, 42]
사용한 3개 순위 패턴 10개: []
예측 개수: 0


[5회차]
당첨번호: [16, 24, 29, 40, 41, 42], 보너스: 3
출현빈도 정렬: [21, 27, 31, 40, 42, 9, 10, 11, 13, 14, 16, 19, 23, 25, 29, 30, 32, 33, 37]
사용한 3개 순위 패턴 10개: []
예측 개수: 0


[6회차]
당첨번호: [14, 15, 26, 27, 40, 42], 보너스: 34
출현빈도 정렬: [40, 42, 16, 21, 27, 29, 31, 9, 10, 11, 13, 14, 19, 23, 24, 25, 30, 32, 33, 37, 41]
사용한 3개 순위 패턴 10개: []
예측 개수: 0


[7회차]
당첨번호: [2, 9, 16, 25, 26, 40], 보너스: 42
출현빈도 정렬: [40, 42, 27, 14, 16, 21, 29, 31, 9, 10, 11, 13, 15, 19, 23, 24, 25, 26, 30, 32, 33, 37, 41]
사용한 3개 순위 패턴 10개: []
예측 개수: 0


[8회차]
당첨번호: [8, 19, 25, 34, 37, 39], 보너스: 9
출현빈도 정렬: [40, 42, 16, 27, 9, 14, 21, 25, 26, 29, 31, 2, 10, 11, 13, 15, 19, 23, 24, 30, 32, 33, 37, 41]
사용한 3개 순위 패턴 10개: []
예측 개수: 0


[9회차]
당첨번호: [2, 4, 16, 17, 36, 39], 보너스: 14
출현빈도 정렬: [40, 42, 16, 25, 27, 9, 14, 19, 21, 26, 29, 31, 37, 2, 8, 10, 11, 13, 15, 23, 24, 30, 32, 33, 34, 39, 41]
사용한 3개 순위 패턴 10개: []
예측 개수: 0


[10회차]
당첨번호: [9, 25, 30, 33, 41, 44], 보너스: 6
출현빈도 정렬: [40, 16, 42, 25, 27, 2, 9, 14, 19, 21, 26, 29, 31, 37, 39, 4, 8, 10, 11, 13, 15, 17, 23, 24, 30, 32, 33, 34, 36, 41]
사용한 3개 순위 패턴 10개: []
예측 개수: 0


[11회차]
당첨번호: [1, 7, 36, 37, 41, 42], 보너스: 14
출현빈도 정렬: [40, 16, 25, 42, 9, 27, 2, 14, 19, 21, 26, 29, 30, 31, 33, 37, 39, 41, 4, 8, 10, 11, 13, 15, 17, 23, 24, 32, 34, 36, 44]
사용한 3개 순위 패턴 10개: [(46, 46, 46), (4, 46, 46), (17, 46, 46), (1, 5, 46), (8, 17, 46), (8, 23, 46), (8, 46, 46), (17, 23, 46), (23, 46, 46), (3, 14, 46)]
예측 개수: 10


[12회차]
당첨번호: [2, 11, 21, 25, 39, 45], 보너스: 44
출현빈도 정렬: [40, 42, 16, 25, 9, 27, 37, 41, 2, 14, 19, 21, 26, 29, 30, 31, 33, 36, 39, 1, 4, 7, 8, 10, 11, 13, 15, 17, 23, 24, 32, 34, 44]
사용한 3개 순위 패턴 10개: [(46, 46, 46), (4, 46, 46), (17, 46, 46), (1, 5, 46), (8, 17, 46), (8, 23, 46), (8, 46, 46), (17, 23, 46), (23, 46, 46), (3, 14, 46)]
예측 개수: 10


[13회차]
당첨번호: [22, 23, 25, 37, 38, 42], 보너스: 26
출현빈도 정렬: [25, 40, 42, 16, 2, 9, 21, 27, 37, 39, 41, 11, 14, 19, 26, 29, 30, 31, 33, 36, 1, 4, 7, 8, 10, 13, 15, 17, 23, 24, 32, 34, 44, 45]
사용한 3개 순위 패턴 10개: [(46, 46, 46), (4, 46, 46), (17, 46, 46), (1, 5, 46), (8, 17, 46), (8, 23, 46), (8, 46, 46), (17, 23, 46), (23, 46, 46), (3, 14, 46)]
예측 개수: 10


[14회차]
당첨번호: [2, 6, 12, 31, 33, 40], 보너스: 15
출현빈도 정렬: [25, 42, 40, 16, 37, 2, 9, 21, 27, 39, 41, 11, 14, 19, 23, 26, 29, 30, 31, 33, 36, 1, 4, 7, 8, 10, 13, 15, 17, 22, 24, 32, 34, 38, 44, 45]
사용한 3개 순위 패턴 10개: [(46, 46, 46), (4, 46, 46), (17, 46, 46), (1, 5, 46), (8, 17, 46), (8, 23, 46), (8, 46, 46), (17, 23, 46), (23, 46, 46), (3, 14, 46)]
예측 개수: 10


[15회차]
당첨번호: [3, 4, 16, 30, 31, 37], 보너스: 13
출현빈도 정렬: [25, 40, 42, 2, 16, 37, 9, 21, 27, 31, 33, 39, 41, 11, 14, 19, 23, 26, 29, 30, 36, 1, 4, 6, 7, 8, 10, 12, 13, 15, 17, 22, 24, 32, 34, 38, 44, 45]
사용한 3개 순위 패턴 10개: [(46, 46, 46), (4, 46, 46), (17, 46, 46), (3, 46, 46), (1, 5, 46), (1, 9, 46), (8, 17, 46), (8, 23, 46), (8, 46, 46), (17, 23, 46)]
예측 개수: 10


[16회차]
당첨번호: [6, 7, 24, 37, 38, 40], 보너스: 33
출현빈도 정렬: [25, 40, 42, 16, 37, 2, 31, 9, 21, 27, 30, 33, 39, 41, 4, 11, 14, 19, 23, 26, 29, 36, 1, 3, 6, 7, 8, 10, 12, 13, 15, 17, 22, 24, 32, 34, 38, 44, 45]
사용한 3개 순위 패턴 10개: [(46, 46, 46), (4, 46, 46), (3, 46, 46), (17, 46, 46), (1, 5, 46), (1, 9, 46), (8, 17, 46), (8, 23, 46), (8, 46, 46), (17, 23, 46)]
예측 개수: 10


[17회차]
당첨번호: [3, 4, 9, 17, 32, 37], 보너스: 1
출현빈도 정렬: [40, 25, 37, 42, 16, 2, 31, 9, 21, 27, 30, 33, 39, 41, 4, 6, 7, 11, 14, 19, 23, 24, 26, 29, 36, 38, 1, 3, 8, 10, 12, 13, 15, 17, 22, 32, 34, 44, 45]
사용한 3개 순위 패턴 10개: [(46, 46, 46), (4, 46, 46), (3, 46, 46), (17, 46, 46), (1, 5, 46), (1, 9, 46), (8, 17, 46), (8, 23, 46), (8, 46, 46), (17, 23, 46)]
예측 개수: 10


[18회차]
당첨번호: [3, 12, 13, 19, 32, 35], 보너스: 29
출현빈도 정렬: [37, 40, 25, 42, 16, 2, 9, 31, 4, 21, 27, 30, 33, 39, 41, 3, 6, 7, 11, 14, 17, 19, 23, 24, 26, 29, 32, 36, 38, 1, 8, 10, 12, 13, 15, 22, 34, 44, 45]
사용한 3개 순위 패턴 10개: [(46, 46, 46), (4, 46, 46), (3, 46, 46), (17, 46, 46), (1, 5, 46), (1, 9, 46), (8, 17, 46), (8, 23, 46), (8, 46, 46), (17, 23, 46)]
예측 개수: 10


[19회차]
당첨번호: [6, 30, 38, 39, 40, 43], 보너스: 26
출현빈도 정렬: [37, 40, 25, 42, 16, 2, 9, 31, 3, 4, 19, 21, 27, 30, 32, 33, 39, 41, 6, 7, 11, 12, 13, 14, 17, 23, 24, 26, 29, 36, 38, 1, 8, 10, 15, 22, 34, 35, 44, 45]
사용한 3개 순위 패턴 10개: [(46, 46, 46), (4, 46, 46), (3, 46, 46), (17, 46, 46), (1, 5, 46), (1, 9, 46), (8, 17, 46), (8, 23, 46), (8, 46, 46), (17, 23, 46)]
예측 개수: 10


[20회차]
당첨번호: [10, 14, 18, 20, 23, 30], 보너스: 41
출현빈도 정렬: [40, 37, 25, 42, 16, 2, 9, 30, 31, 39, 3, 4, 6, 19, 21, 27, 32, 33, 38, 41, 7, 11, 12, 13, 14, 17, 23, 24, 26, 29, 36, 1, 8, 10, 15, 22, 34, 35, 43, 44, 45]
사용한 3개 순위 패턴 10개: [(46, 46, 46), (4, 46, 46), (3, 46, 46), (17, 46, 46), (1, 5, 46), (1, 9, 46), (8, 17, 46), (8, 23, 46), (8, 46, 46), (17, 23, 46)]
예측 개수: 10


[21회차]
당첨번호: [6, 12, 17, 18, 31, 32], 보너스: 21
출현빈도 정렬: [40, 37, 25, 42, 16, 30, 2, 9, 31, 39, 3, 4, 6, 14, 19, 21, 23, 27, 32, 33, 38, 41, 7, 10, 11, 12, 13, 17, 24, 26, 29, 36, 1, 8, 15, 18, 20, 22, 34, 35, 43, 44, 45]
사용한 3개 순위 패턴 10개: [(46, 46, 46), (4, 46, 46), (3, 46, 46), (17, 46, 46), (1, 5, 46), (1, 9, 46), (8, 17, 46), (8, 23, 46), (8, 46, 46), (17, 23, 46)]
예측 개수: 10


[22회차]
당첨번호: [4, 5, 6, 8, 17, 39], 보너스: 25
출현빈도 정렬: [40, 37, 25, 42, 16, 30, 31, 2, 6, 9, 32, 39, 3, 4, 12, 14, 17, 19, 21, 23, 27, 33, 38, 41, 7, 10, 11, 13, 18, 24, 26, 29, 36, 1, 8, 15, 20, 22, 34, 35, 43, 44, 45]
사용한 3개 순위 패턴 10개: [(46, 46, 46), (4, 46, 46), (3, 46, 46), (17, 46, 46), (8, 46, 46), (1, 5, 46), (1, 9, 46), (8, 17, 46), (8, 23, 46), (17, 23, 46)]
예측 개수: 10


[23회차]
당첨번호: [5, 13, 17, 18, 33, 42], 보너스: 44
출현빈도 정렬: [40, 37, 25, 42, 6, 16, 30, 31, 39, 2, 4, 9, 17, 32, 3, 12, 14, 19, 21, 23, 27, 33, 38, 41, 7, 8, 10, 11, 13, 18, 24, 26, 29, 36, 1, 5, 15, 20, 22, 34, 35, 43, 44, 45]
사용한 3개 순위 패턴 10개: [(46, 46, 46), (4, 46, 46), (3, 46, 46), (17, 46, 46), (8, 46, 46), (1, 5, 46), (1, 9, 46), (8, 17, 46), (8, 23, 46), (17, 23, 46)]
예측 개수: 10


[24회차]
당첨번호: [7, 8, 27, 29, 36, 43], 보너스: 6
출현빈도 정렬: [40, 37, 42, 25, 6, 16, 17, 30, 31, 39, 2, 4, 9, 32, 33, 3, 12, 13, 14, 18, 19, 21, 23, 27, 38, 41, 5, 7, 8, 10, 11, 24, 26, 29, 36, 1, 15, 20, 22, 34, 35, 43, 44, 45]
사용한 3개 순위 패턴 10개: [(46, 46, 46), (4, 46, 46), (3, 46, 46), (17, 46, 46), (8, 46, 46), (12, 17, 46), (1, 5, 46), (1, 9, 46), (8, 17, 46), (8, 23, 46)]
예측 개수: 10


[25회차]
당첨번호: [2, 4, 21, 26, 43, 44], 보너스: 16
출현빈도 정렬: [40, 37, 42, 25, 6, 16, 17, 30, 31, 39, 2, 4, 9, 27, 32, 33, 3, 7, 8, 12, 13, 14, 18, 19, 21, 23, 29, 36, 38, 41, 5, 10, 11, 24, 26, 43, 1, 15, 20, 22, 34, 35, 44, 45]
사용한 3개 순위 패턴 10개: [(46, 46, 46), (4, 46, 46), (3, 46, 46), (17, 46, 46), (8, 46, 46), (12, 17, 46), (1, 5, 46), (1, 9, 46), (8, 17, 46), (8, 23, 46)]
예측 개수: 10


[26회차]
당첨번호: [4, 5, 7, 18, 20, 25], 보너스: 31
출현빈도 정렬: [40, 37, 42, 25, 2, 4, 6, 16, 17, 30, 31, 39, 9, 21, 27, 32, 33, 3, 7, 8, 12, 13, 14, 18, 19, 23, 26, 29, 36, 38, 41, 43, 5, 10, 11, 24, 44, 1, 15, 20, 22, 34, 35, 45]
사용한 3개 순위 패턴 10개: [(46, 46, 46), (4, 46, 46), (3, 46, 46), (17, 46, 46), (8, 46, 46), (12, 17, 46), (1, 5, 46), (1, 9, 46), (8, 17, 46), (8, 23, 46)]
예측 개수: 10


[27회차]
당첨번호: [1, 20, 26, 28, 37, 43], 보너스: 27
출현빈도 정렬: [40, 25, 37, 42, 4, 2, 6, 16, 17, 30, 31, 39, 7, 9, 18, 21, 27, 32, 33, 3, 5, 8, 12, 13, 14, 19, 23, 26, 29, 36, 38, 41, 43, 10, 11, 20, 24, 44, 1, 15, 22, 34, 35, 45]
사용한 3개 순위 패턴 10개: [(46, 46, 46), (4, 46, 46), (3, 46, 46), (17, 46, 46), (8, 46, 46), (12, 17, 46), (1, 5, 46), (1, 9, 46), (8, 17, 46), (8, 23, 46)]
예측 개수: 10


[28회차]
당첨번호: [9, 18, 23, 25, 35, 37], 보너스: 1
출현빈도 정렬: [37, 40, 25, 42, 4, 2, 6, 16, 17, 30, 31, 39, 7, 9, 18, 21, 26, 27, 32, 33, 43, 3, 5, 8, 12, 13, 14, 19, 20, 23, 29, 36, 38, 41, 1, 10, 11, 24, 44, 15, 22, 28, 34, 35, 45]
사용한 3개 순위 패턴 10개: [(46, 46, 46), (4, 46, 46), (3, 46, 46), (17, 46, 46), (8, 46, 46), (12, 17, 46), (1, 5, 46), (1, 9, 46), (8, 17, 46), (8, 23, 46)]
예측 개수: 10


[29회차]
당첨번호: [1, 5, 13, 34, 39, 40], 보너스: 11
출현빈도 정렬: [37, 25, 40, 42, 4, 2, 6, 9, 16, 17, 18, 30, 31, 39, 7, 21, 23, 26, 27, 32, 33, 43, 3, 5, 8, 12, 13, 14, 19, 20, 29, 36, 38, 41, 1, 10, 11, 24, 35, 44, 15, 22, 28, 34, 45]
사용한 3개 순위 패턴 10개: [(46, 46, 46), (4, 46, 46), (3, 46, 46), (17, 46, 46), (8, 46, 46), (12, 17, 46), (1, 5, 46), (1, 9, 46), (8, 17, 46), (8, 23, 46)]
예측 개수: 10


[30회차]
당첨번호: [8, 17, 20, 35, 36, 44], 보너스: 4
출현빈도 정렬: [37, 40, 25, 42, 4, 39, 2, 6, 9, 16, 17, 18, 30, 31, 5, 7, 13, 21, 23, 26, 27, 32, 33, 43, 1, 3, 8, 12, 14, 19, 20, 29, 36, 38, 41, 10, 11, 24, 34, 35, 44, 15, 22, 28, 45]
사용한 3개 순위 패턴 10개: [(46, 46, 46), (4, 46, 46), (3, 46, 46), (17, 46, 46), (8, 46, 46), (12, 17, 46), (1, 5, 46), (1, 9, 46), (8, 17, 46), (8, 23, 46)]
예측 개수: 10


[31회차]
당첨번호: [7, 9, 18, 23, 28, 35], 보너스: 32
출현빈도 정렬: [37, 40, 25, 42, 4, 17, 39, 2, 6, 9, 16, 18, 30, 31, 5, 7, 8, 13, 20, 21, 23, 26, 27, 32, 33, 36, 43, 1, 3, 12, 14, 19, 29, 35, 38, 41, 44, 10, 11, 24, 34, 15, 22, 28, 45]
사용한 3개 순위 패턴 10개: [(46, 46, 46), (4, 46, 46), (3, 46, 46), (17, 46, 46), (8, 46, 46), (12, 17, 46), (1, 5, 46), (1, 9, 46), (8, 17, 46), (8, 23, 46)]
예측 개수: 10


[32회차]
당첨번호: [6, 14, 19, 25, 34, 44], 보너스: 11
출현빈도 정렬: [37, 40, 25, 42, 4, 9, 17, 18, 39, 2, 6, 7, 16, 23, 30, 31, 5, 8, 13, 20, 21, 26, 27, 32, 33, 35, 36, 43, 1, 3, 12, 14, 19, 29, 38, 41, 44, 10, 11, 24, 28, 34, 15, 22, 45]
사용한 3개 순위 패턴 10개: [(46, 46, 46), (4, 46, 46), (3, 46, 46), (17, 46, 46), (8, 46, 46), (12, 17, 46), (1, 5, 46), (1, 9, 46), (8, 17, 46), (8, 23, 46)]
예측 개수: 10


[33회차]
당첨번호: [4, 7, 32, 33, 40, 41], 보너스: 9
출현빈도 정렬: [25, 37, 40, 42, 4, 6, 9, 17, 18, 39, 2, 7, 16, 23, 30, 31, 5, 8, 13, 14, 19, 20, 21, 26, 27, 32, 33, 35, 36, 43, 44, 1, 3, 12, 29, 34, 38, 41, 10, 11, 24, 28, 15, 22, 45]
사용한 3개 순위 패턴 10개: [(46, 46, 46), (4, 46, 46), (3, 46, 46), (17, 46, 46), (8, 46, 46), (12, 17, 46), (1, 5, 46), (1, 9, 46), (8, 17, 46), (8, 23, 46)]
예측 개수: 10


[34회차]
당첨번호: [9, 26, 35, 37, 40, 42], 보너스: 2
출현빈도 정렬: [40, 25, 37, 4, 42, 6, 7, 9, 17, 18, 39, 2, 16, 23, 30, 31, 32, 33, 5, 8, 13, 14, 19, 20, 21, 26, 27, 35, 36, 41, 43, 44, 1, 3, 12, 29, 34, 38, 10, 11, 24, 28, 15, 22, 45]
사용한 3개 순위 패턴 10개: [(46, 46, 46), (4, 46, 46), (3, 46, 46), (17, 46, 46), (8, 46, 46), (12, 17, 46), (1, 5, 46), (1, 9, 46), (8, 17, 46), (8, 23, 46)]
예측 개수: 10


[35회차]
당첨번호: [2, 3, 11, 26, 37, 43], 보너스: 39
출현빈도 정렬: [40, 37, 25, 42, 4, 9, 6, 7, 17, 18, 39, 2, 16, 23, 26, 30, 31, 32, 33, 35, 5, 8, 13, 14, 19, 20, 21, 27, 36, 41, 43, 44, 1, 3, 12, 29, 34, 38, 10, 11, 24, 28, 15, 22, 45]
사용한 3개 순위 패턴 10개: [(46, 46, 46), (4, 46, 46), (3, 46, 46), (17, 46, 46), (8, 46, 46), (12, 17, 46), (1, 5, 46), (1, 9, 46), (8, 17, 46), (8, 23, 46)]
예측 개수: 10


[36회차]
당첨번호: [1, 10, 23, 26, 28, 40], 보너스: 31
출현빈도 정렬: [37, 40, 25, 42, 4, 9, 2, 6, 7, 17, 18, 26, 39, 16, 23, 30, 31, 32, 33, 35, 43, 3, 5, 8, 13, 14, 19, 20, 21, 27, 36, 41, 44, 1, 11, 12, 29, 34, 38, 10, 24, 28, 15, 22, 45]
사용한 3개 순위 패턴 10개: [(46, 46, 46), (4, 46, 46), (3, 46, 46), (17, 46, 46), (8, 46, 46), (12, 17, 46), (1, 5, 46), (1, 9, 46), (8, 17, 46), (8, 23, 46)]
예측 개수: 10


[37회차]
당첨번호: [7, 27, 30, 33, 35, 37], 보너스: 42
출현빈도 정렬: [40, 37, 25, 42, 4, 9, 26, 2, 6, 7, 17, 18, 23, 39, 16, 30, 31, 32, 33, 35, 43, 1, 3, 5, 8, 13, 14, 19, 20, 21, 27, 36, 41, 44, 10, 11, 12, 28, 29, 34, 38, 24, 15, 22, 45]
사용한 3개 순위 패턴 10개: [(46, 46, 46), (4, 46, 46), (3, 46, 46), (17, 46, 46), (8, 46, 46), (12, 17, 46), (1, 5, 46), (1, 9, 46), (8, 17, 46), (8, 23, 46)]
예측 개수: 10


[38회차]
당첨번호: [16, 17, 22, 30, 37, 43], 보너스: 36
출현빈도 정렬: [37, 40, 25, 42, 4, 7, 9, 26, 2, 6, 17, 18, 23, 30, 33, 35, 39, 16, 27, 31, 32, 43, 1, 3, 5, 8, 13, 14, 19, 20, 21, 36, 41, 44, 10, 11, 12, 28, 29, 34, 38, 24, 15, 22, 45]
사용한 3개 순위 패턴 10개: [(46, 46, 46), (4, 46, 46), (3, 46, 46), (17, 46, 46), (8, 46, 46), (12, 17, 46), (1, 5, 46), (1, 9, 46), (8, 17, 46), (8, 23, 46)]
예측 개수: 10


[39회차]
당첨번호: [6, 7, 13, 15, 21, 43], 보너스: 8
출현빈도 정렬: [37, 40, 25, 42, 4, 7, 9, 17, 26, 30, 2, 6, 16, 18, 23, 33, 35, 39, 43, 27, 31, 32, 1, 3, 5, 8, 13, 14, 19, 20, 21, 36, 41, 44, 10, 11, 12, 28, 29, 34, 38, 22, 24, 15, 45]
사용한 3개 순위 패턴 10개: [(46, 46, 46), (4, 46, 46), (3, 46, 46), (17, 46, 46), (8, 46, 46), (12, 17, 46), (1, 5, 46), (1, 9, 46), (8, 17, 46), (8, 23, 46)]
예측 개수: 10


[40회차]
당첨번호: [7, 13, 18, 19, 25, 26], 보너스: 6
출현빈도 정렬: [37, 40, 25, 7, 42, 4, 6, 9, 17, 26, 30, 43, 2, 16, 18, 23, 33, 35, 39, 13, 21, 27, 31, 32, 1, 3, 5, 8, 14, 19, 20, 36, 41, 44, 10, 11, 12, 28, 29, 34, 38, 15, 22, 24, 45]
사용한 3개 순위 패턴 10개: [(46, 46, 46), (4, 46, 46), (3, 46, 46), (17, 46, 46), (8, 46, 46), (12, 17, 46), (1, 5, 46), (1, 9, 46), (8, 17, 46), (8, 23, 46)]
예측 개수: 10


[41회차]
당첨번호: [13, 20, 23, 35, 38, 43], 보너스: 34
출현빈도 정렬: [37, 40, 25, 7, 26, 42, 4, 6, 9, 17, 18, 30, 43, 2, 13, 16, 23, 33, 35, 39, 19, 21, 27, 31, 32, 1, 3, 5, 8, 14, 20, 36, 41, 44, 10, 11, 12, 28, 29, 34, 38, 15, 22, 24, 45]
사용한 3개 순위 패턴 10개: [(46, 46, 46), (4, 46, 46), (3, 46, 46), (17, 46, 46), (8, 46, 46), (12, 17, 46), (1, 5, 46), (1, 9, 46), (8, 17, 46), (8, 23, 46)]
예측 개수: 10


[42회차]
당첨번호: [17, 18, 19, 21, 23, 32], 보너스: 1
출현빈도 정렬: [37, 40, 25, 7, 26, 42, 43, 4, 6, 9, 13, 17, 18, 23, 30, 35, 2, 16, 33, 39, 19, 20, 21, 27, 31, 32, 1, 3, 5, 8, 14, 36, 38, 41, 44, 10, 11, 12, 28, 29, 34, 15, 22, 24, 45]
사용한 3개 순위 패턴 10개: [(46, 46, 46), (4, 46, 46), (3, 46, 46), (17, 46, 46), (8, 46, 46), (12, 17, 46), (1, 5, 46), (1, 9, 46), (8, 17, 46), (8, 23, 46)]
예측 개수: 10


[43회차]
당첨번호: [6, 31, 35, 38, 39, 44], 보너스: 1
출현빈도 정렬: [37, 40, 25, 7, 17, 18, 23, 26, 42, 43, 4, 6, 9, 13, 30, 35, 2, 16, 19, 21, 32, 33, 39, 20, 27, 31, 1, 3, 5, 8, 14, 36, 38, 41, 44, 10, 11, 12, 28, 29, 34, 15, 22, 24, 45]
사용한 3개 순위 패턴 10개: [(46, 46, 46), (4, 46, 46), (3, 46, 46), (17, 46, 46), (8, 46, 46), (12, 17, 46), (1, 5, 46), (1, 9, 46), (8, 17, 46), (8, 23, 46)]
예측 개수: 10


[44회차]
당첨번호: [3, 11, 21, 30, 38, 45], 보너스: 39
출현빈도 정렬: [37, 40, 25, 7, 6, 17, 18, 23, 26, 35, 42, 43, 4, 9, 13, 30, 39, 2, 16, 19, 21, 31, 32, 33, 20, 27, 38, 44, 1, 3, 5, 8, 14, 36, 41, 10, 11, 12, 28, 29, 34, 15, 22, 24, 45]
사용한 3개 순위 패턴 10개: [(46, 46, 46), (4, 46, 46), (3, 46, 46), (17, 46, 46), (8, 46, 46), (12, 17, 46), (1, 5, 46), (1, 9, 46), (8, 17, 46), (8, 23, 46)]
예측 개수: 10


[45회차]
당첨번호: [1, 10, 20, 27, 33, 35], 보너스: 17
출현빈도 정렬: [37, 40, 25, 7, 6, 17, 18, 23, 26, 30, 35, 42, 43, 4, 9, 13, 21, 39, 2, 16, 19, 31, 32, 33, 38, 3, 20, 27, 44, 1, 5, 8, 11, 14, 36, 41, 10, 12, 28, 29, 34, 15, 22, 24, 45]
사용한 3개 순위 패턴 10개: [(46, 46, 46), (4, 46, 46), (3, 46, 46), (17, 46, 46), (8, 46, 46), (12, 17, 46), (1, 5, 46), (1, 9, 46), (8, 17, 46), (8, 23, 46)]
예측 개수: 10


[46회차]
당첨번호: [8, 13, 15, 23, 31, 38], 보너스: 39
출현빈도 정렬: [37, 40, 25, 7, 35, 6, 17, 18, 23, 26, 30, 42, 43, 4, 9, 13, 21, 33, 39, 2, 16, 19, 20, 27, 31, 32, 38, 1, 3, 44, 5, 8, 10, 11, 14, 36, 41, 12, 28, 29, 34, 15, 22, 24, 45]
사용한 3개 순위 패턴 10개: [(46, 46, 46), (4, 46, 46), (3, 46, 46), (17, 46, 46), (8, 46, 46), (12, 17, 46), (1, 5, 46), (1, 9, 46), (8, 17, 46), (8, 23, 46)]
예측 개수: 10


[47회차]
당첨번호: [14, 17, 26, 31, 36, 45], 보너스: 27
출현빈도 정렬: [37, 40, 25, 7, 23, 35, 6, 13, 17, 18, 26, 30, 42, 43, 4, 9, 21, 31, 33, 38, 39, 2, 16, 19, 20, 27, 32, 1, 3, 8, 44, 5, 10, 11, 14, 36, 41, 12, 15, 28, 29, 34, 22, 24, 45]
사용한 3개 순위 패턴 10개: [(46, 46, 46), (4, 46, 46), (3, 46, 46), (17, 46, 46), (8, 46, 46), (12, 17, 46), (1, 5, 46), (1, 9, 46), (8, 17, 46), (8, 23, 46)]
예측 개수: 10


[48회차]
당첨번호: [6, 10, 18, 26, 37, 38], 보너스: 3
출현빈도 정렬: [37, 40, 25, 7, 17, 23, 26, 35, 6, 13, 18, 30, 31, 42, 43, 4, 9, 21, 33, 38, 39, 2, 16, 19, 20, 27, 32, 1, 3, 8, 14, 36, 44, 5, 10, 11, 41, 12, 15, 28, 29, 34, 45, 22, 24]
사용한 3개 순위 패턴 10개: [(46, 46, 46), (4, 46, 46), (3, 46, 46), (17, 46, 46), (8, 46, 46), (12, 17, 46), (1, 5, 46), (1, 9, 46), (8, 17, 46), (8, 23, 46)]
예측 개수: 10


[49회차]
당첨번호: [4, 7, 16, 19, 33, 40], 보너스: 30
출현빈도 정렬: [37, 40, 25, 26, 6, 7, 17, 18, 23, 35, 13, 30, 31, 38, 42, 43, 4, 9, 21, 33, 39, 2, 16, 19, 20, 27, 32, 1, 3, 8, 10, 14, 36, 44, 5, 11, 41, 12, 15, 28, 29, 34, 45, 22, 24]
사용한 3개 순위 패턴 10개: [(46, 46, 46), (4, 46, 46), (3, 46, 46), (17, 46, 46), (8, 46, 46), (12, 17, 46), (1, 5, 46), (1, 9, 46), (8, 17, 46), (8, 23, 46)]
예측 개수: 10


[50회차]
당첨번호: [2, 10, 12, 15, 22, 44], 보너스: 1
출현빈도 정렬: [37, 40, 7, 25, 26, 6, 17, 18, 23, 35, 4, 13, 30, 31, 33, 38, 42, 43, 9, 16, 19, 21, 39, 2, 20, 27, 32, 1, 3, 8, 10, 14, 36, 44, 5, 11, 41, 12, 15, 28, 29, 34, 45, 22, 24]
사용한 3개 순위 패턴 10개: [(46, 46, 46), (4, 46, 46), (3, 46, 46), (17, 46, 46), (8, 46, 46), (12, 17, 46), (1, 5, 46), (1, 9, 46), (8, 17, 46), (8, 23, 46)]
예측 개수: 10


[51회차]
당첨번호: [2, 3, 11, 16, 26, 44], 보너스: 35
출현빈도 정렬: [37, 40, 7, 25, 26, 6, 17, 18, 23, 35, 4, 13, 30, 31, 33, 38, 42, 43, 2, 9, 16, 19, 21, 39, 10, 20, 27, 32, 44, 1, 3, 8, 14, 36, 5, 11, 12, 15, 41, 22, 28, 29, 34, 45, 24]
사용한 3개 순위 패턴 10개: [(46, 46, 46), (4, 46, 46), (3, 46, 46), (17, 46, 46), (8, 46, 46), (12, 17, 46), (1, 5, 46), (1, 9, 46), (8, 17, 46), (8, 23, 46)]
예측 개수: 10


[52회차]
당첨번호: [2, 4, 15, 16, 20, 29], 보너스: 1
출현빈도 정렬: [37, 40, 26, 7, 25, 6, 17, 18, 23, 35, 2, 4, 13, 16, 30, 31, 33, 38, 42, 43, 9, 19, 21, 39, 44, 3, 10, 20, 27, 32, 1, 8, 11, 14, 36, 5, 12, 15, 41, 22, 28, 29, 34, 45, 24]
사용한 3개 순위 패턴 10개: [(46, 46, 46), (4, 46, 46), (3, 46, 46), (17, 46, 46), (8, 46, 46), (12, 17, 46), (1, 5, 46), (1, 9, 46), (8, 17, 46), (8, 23, 46)]
예측 개수: 10


[53회차]
당첨번호: [7, 8, 14, 32, 33, 39], 보너스: 42
출현빈도 정렬: [37, 40, 26, 7, 25, 2, 4, 6, 16, 17, 18, 23, 35, 13, 30, 31, 33, 38, 42, 43, 9, 19, 20, 21, 39, 44, 3, 10, 27, 32, 1, 8, 11, 14, 15, 36, 5, 12, 29, 41, 22, 28, 34, 45, 24]
사용한 3개 순위 패턴 10개: [(46, 46, 46), (4, 46, 46), (3, 46, 46), (17, 46, 46), (8, 46, 46), (12, 17, 46), (1, 5, 46), (1, 9, 46), (8, 17, 46), (8, 23, 46)]
예측 개수: 10


[54회차]
당첨번호: [1, 8, 21, 27, 36, 39], 보너스: 37
출현빈도 정렬: [37, 40, 7, 26, 25, 2, 4, 6, 16, 17, 18, 23, 33, 35, 13, 30, 31, 38, 39, 42, 43, 9, 19, 20, 21, 32, 44, 3, 8, 10, 14, 27, 1, 11, 15, 36, 5, 12, 29, 41, 22, 28, 34, 45, 24]
사용한 3개 순위 패턴 10개: [(46, 46, 46), (4, 46, 46), (3, 46, 46), (17, 46, 46), (8, 46, 46), (12, 17, 46), (1, 5, 46), (1, 9, 46), (8, 17, 46), (8, 23, 46)]
예측 개수: 10


[55회차]
당첨번호: [17, 21, 31, 37, 40, 44], 보너스: 7
출현빈도 정렬: [37, 40, 7, 26, 25, 2, 4, 6, 16, 17, 18, 23, 33, 35, 39, 13, 21, 30, 31, 38, 42, 43, 8, 9, 19, 20, 27, 32, 44, 1, 3, 10, 14, 36, 11, 15, 5, 12, 29, 41, 22, 28, 34, 45, 24]
사용한 3개 순위 패턴 10개: [(46, 46, 46), (4, 46, 46), (3, 46, 46), (17, 46, 46), (8, 46, 46), (12, 17, 46), (1, 5, 46), (1, 9, 46), (8, 17, 46), (8, 23, 46)]
예측 개수: 10


[56회차]
당첨번호: [10, 14, 30, 31, 33, 37], 보너스: 19
출현빈도 정렬: [37, 40, 7, 26, 17, 25, 2, 4, 6, 16, 18, 21, 23, 31, 33, 35, 39, 13, 30, 38, 42, 43, 44, 8, 9, 19, 20, 27, 32, 1, 3, 10, 14, 36, 11, 15, 5, 12, 29, 41, 22, 28, 34, 45, 24]
사용한 3개 순위 패턴 10개: [(46, 46, 46), (4, 46, 46), (3, 46, 46), (17, 46, 46), (8, 46, 46), (12, 17, 46), (1, 5, 46), (1, 9, 46), (8, 17, 46), (8, 23, 46)]
예측 개수: 10


[57회차]
당첨번호: [7, 10, 16, 25, 29, 44], 보너스: 6
출현빈도 정렬: [37, 40, 7, 26, 17, 25, 31, 33, 2, 4, 6, 16, 18, 21, 23, 30, 35, 39, 13, 38, 42, 43, 44, 8, 9, 10, 14, 19, 20, 27, 32, 1, 3, 36, 11, 15, 5, 12, 29, 41, 22, 28, 34, 45, 24]
사용한 3개 순위 패턴 10개: [(46, 46, 46), (4, 46, 46), (3, 46, 46), (17, 46, 46), (8, 46, 46), (12, 17, 46), (1, 5, 46), (1, 9, 46), (8, 17, 46), (8, 23, 46)]
예측 개수: 10


[58회차]
당첨번호: [10, 24, 25, 33, 40, 44], 보너스: 1
출현빈도 정렬: [37, 40, 7, 25, 26, 16, 17, 31, 33, 2, 4, 6, 18, 21, 23, 30, 35, 39, 44, 10, 13, 38, 42, 43, 8, 9, 14, 19, 20, 27, 32, 1, 3, 36, 11, 15, 29, 5, 12, 41, 22, 28, 34, 45, 24]
사용한 3개 순위 패턴 10개: [(46, 46, 46), (4, 46, 46), (3, 46, 46), (17, 46, 46), (8, 46, 46), (12, 17, 46), (1, 5, 46), (1, 9, 46), (8, 17, 46), (8, 23, 46)]
예측 개수: 10


[59회차]
당첨번호: [6, 29, 36, 39, 41, 45], 보너스: 13
출현빈도 정렬: [37, 40, 7, 25, 26, 33, 16, 17, 31, 44, 2, 4, 6, 10, 18, 21, 23, 30, 35, 39, 13, 38, 42, 43, 8, 9, 14, 19, 20, 27, 32, 1, 3, 36, 11, 15, 29, 5, 12, 41, 22, 24, 28, 34, 45]
사용한 3개 순위 패턴 10개: [(46, 46, 46), (4, 46, 46), (3, 46, 46), (17, 46, 46), (8, 46, 46), (12, 17, 46), (1, 5, 46), (1, 9, 46), (8, 17, 46), (8, 23, 46)]
예측 개수: 10


[60회차]
당첨번호: [2, 8, 25, 36, 39, 42], 보너스: 11
출현빈도 정렬: [37, 40, 7, 25, 26, 33, 6, 16, 17, 31, 39, 44, 2, 4, 10, 18, 21, 23, 30, 35, 13, 38, 42, 43, 8, 9, 14, 19, 20, 27, 32, 36, 1, 3, 29, 11, 15, 41, 5, 12, 45, 22, 24, 28, 34]
사용한 3개 순위 패턴 10개: [(46, 46, 46), (4, 46, 46), (3, 46, 46), (17, 46, 46), (8, 46, 46), (12, 17, 46), (1, 5, 46), (1, 9, 46), (8, 17, 46), (8, 23, 46)]
예측 개수: 10


[61회차]
당첨번호: [14, 15, 19, 30, 38, 43], 보너스: 8
출현빈도 정렬: [37, 40, 25, 7, 26, 33, 39, 2, 6, 16, 17, 31, 44, 4, 10, 18, 21, 23, 30, 35, 42, 8, 13, 36, 38, 43, 9, 14, 19, 20, 27, 32, 1, 3, 29, 11, 15, 41, 5, 12, 45, 22, 24, 28, 34]
사용한 3개 순위 패턴 10개: [(46, 46, 46), (4, 46, 46), (3, 46, 46), (17, 46, 46), (8, 46, 46), (12, 17, 46), (1, 5, 46), (1, 9, 46), (8, 17, 46), (8, 23, 46)]
예측 개수: 10


[62회차]
당첨번호: [3, 8, 15, 27, 29, 35], 보너스: 21
출현빈도 정렬: [37, 40, 25, 7, 26, 33, 39, 2, 6, 16, 17, 30, 31, 44, 4, 10, 18, 21, 23, 35, 38, 42, 43, 8, 13, 14, 19, 36, 9, 20, 27, 32, 1, 3, 15, 29, 11, 41, 5, 12, 45, 22, 24, 28, 34]
사용한 3개 순위 패턴 10개: [(46, 46, 46), (4, 46, 46), (3, 46, 46), (17, 46, 46), (8, 46, 46), (12, 17, 46), (1, 5, 46), (1, 9, 46), (8, 17, 46), (8, 23, 46)]
예측 개수: 10


[63회차]
당첨번호: [3, 20, 23, 36, 38, 40], 보너스: 5
출현빈도 정렬: [37, 40, 25, 7, 26, 33, 39, 2, 6, 16, 17, 30, 31, 35, 44, 4, 8, 10, 18, 21, 23, 38, 42, 43, 13, 14, 19, 27, 36, 3, 9, 15, 20, 29, 32, 1, 11, 41, 5, 12, 45, 22, 24, 28, 34]
사용한 3개 순위 패턴 10개: [(46, 46, 46), (4, 46, 46), (3, 46, 46), (17, 46, 46), (8, 46, 46), (12, 17, 46), (1, 5, 46), (1, 9, 46), (8, 17, 46), (8, 23, 46)]
예측 개수: 10


[64회차]
당첨번호: [14, 15, 18, 21, 26, 36], 보너스: 39
출현빈도 정렬: [37, 40, 25, 7, 26, 33, 39, 2, 6, 16, 17, 23, 30, 31, 35, 38, 44, 4, 8, 10, 18, 21, 36, 42, 43, 3, 13, 14, 19, 20, 27, 9, 15, 29, 32, 1, 11, 41, 5, 12, 45, 22, 24, 28, 34]
사용한 3개 순위 패턴 10개: [(46, 46, 46), (4, 46, 46), (3, 46, 46), (17, 46, 46), (8, 46, 46), (12, 17, 46), (1, 5, 46), (1, 9, 46), (8, 17, 46), (8, 23, 46)]
예측 개수: 10


[65회차]
당첨번호: [4, 25, 33, 36, 40, 43], 보너스: 39
출현빈도 정렬: [37, 40, 25, 7, 26, 33, 39, 2, 6, 16, 17, 18, 21, 23, 30, 31, 35, 36, 38, 44, 4, 8, 10, 14, 42, 43, 3, 13, 15, 19, 20, 27, 9, 29, 32, 1, 11, 41, 5, 12, 45, 22, 24, 28, 34]
사용한 3개 순위 패턴 10개: [(46, 46, 46), (4, 46, 46), (3, 46, 46), (17, 46, 46), (8, 46, 46), (12, 17, 46), (1, 5, 46), (1, 9, 46), (8, 17, 46), (8, 23, 46)]
예측 개수: 10


[66회차]
당첨번호: [2, 3, 7, 17, 22, 24], 보너스: 45
출현빈도 정렬: [40, 37, 25, 7, 26, 33, 36, 39, 2, 4, 6, 16, 17, 18, 21, 23, 30, 31, 35, 38, 43, 44, 8, 10, 14, 42, 3, 13, 15, 19, 20, 27, 9, 29, 32, 1, 11, 41, 5, 12, 45, 22, 24, 28, 34]
사용한 3개 순위 패턴 10개: [(46, 46, 46), (4, 46, 46), (3, 46, 46), (17, 46, 46), (8, 46, 46), (12, 17, 46), (1, 5, 46), (1, 9, 46), (8, 17, 46), (8, 23, 46)]
예측 개수: 10


[67회차]
당첨번호: [3, 7, 10, 15, 36, 38], 보너스: 33
출현빈도 정렬: [40, 37, 25, 7, 26, 33, 2, 17, 36, 39, 4, 6, 16, 18, 21, 23, 30, 31, 35, 38, 43, 44, 3, 8, 10, 14, 42, 13, 15, 19, 20, 27, 9, 29, 32, 1, 11, 41, 5, 12, 22, 24, 45, 28, 34]
사용한 3개 순위 패턴 10개: [(46, 46, 46), (4, 46, 46), (3, 46, 46), (17, 46, 46), (8, 46, 46), (12, 17, 46), (1, 5, 46), (1, 9, 46), (8, 17, 46), (8, 23, 46)]
예측 개수: 10


[68회차]
당첨번호: [10, 12, 15, 16, 26, 39], 보너스: 38
출현빈도 정렬: [40, 37, 7, 25, 26, 33, 36, 2, 17, 38, 39, 3, 4, 6, 10, 16, 18, 21, 23, 30, 31, 35, 43, 44, 8, 14, 15, 42, 13, 19, 20, 27, 9, 29, 32, 1, 11, 41, 5, 12, 22, 24, 45, 28, 34]
사용한 3개 순위 패턴 10개: [(46, 46, 46), (4, 46, 46), (3, 46, 46), (17, 46, 46), (8, 46, 46), (12, 17, 46), (1, 5, 46), (1, 9, 46), (8, 17, 46), (8, 23, 46)]
예측 개수: 10


[69회차]
당첨번호: [5, 8, 14, 15, 19, 39], 보너스: 35
출현빈도 정렬: [40, 37, 7, 25, 26, 33, 36, 39, 2, 10, 16, 17, 38, 3, 4, 6, 15, 18, 21, 23, 30, 31, 35, 43, 44, 8, 14, 42, 13, 19, 20, 27, 9, 29, 32, 1, 11, 12, 41, 5, 22, 24, 45, 28, 34]
사용한 3개 순위 패턴 10개: [(46, 46, 46), (4, 46, 46), (3, 46, 46), (17, 46, 46), (8, 46, 46), (12, 17, 46), (1, 5, 46), (1, 9, 46), (8, 17, 46), (8, 23, 46)]
예측 개수: 10


[70회차]
당첨번호: [5, 19, 22, 25, 28, 43], 보너스: 26
출현빈도 정렬: [40, 37, 7, 25, 26, 39, 33, 36, 2, 10, 15, 16, 17, 38, 3, 4, 6, 8, 14, 18, 21, 23, 30, 31, 35, 43, 44, 19, 42, 13, 20, 27, 9, 29, 32, 1, 5, 11, 12, 41, 22, 24, 45, 28, 34]
사용한 3개 순위 패턴 10개: [(46, 46, 46), (4, 46, 46), (3, 46, 46), (17, 46, 46), (8, 46, 46), (12, 17, 46), (1, 5, 46), (1, 9, 46), (8, 17, 46), (8, 23, 46)]
예측 개수: 10


[71회차]
당첨번호: [5, 9, 12, 16, 29, 41], 보너스: 21
출현빈도 정렬: [40, 37, 25, 7, 26, 39, 33, 36, 2, 10, 15, 16, 17, 38, 43, 3, 4, 6, 8, 14, 18, 19, 21, 23, 30, 31, 35, 44, 42, 13, 20, 27, 9, 29, 32, 1, 5, 11, 12, 22, 41, 24, 28, 45, 34]
사용한 3개 순위 패턴 10개: [(46, 46, 46), (4, 46, 46), (3, 46, 46), (17, 46, 46), (8, 46, 46), (12, 17, 46), (1, 5, 46), (1, 9, 46), (8, 17, 46), (8, 23, 46)]
예측 개수: 10


[72회차]
당첨번호: [2, 4, 11, 17, 26, 27], 보너스: 1
출현빈도 정렬: [40, 37, 25, 7, 26, 39, 16, 33, 36, 2, 10, 15, 17, 38, 43, 3, 4, 6, 8, 14, 18, 19, 21, 23, 30, 31, 35, 44, 42, 9, 13, 20, 27, 29, 5, 32, 1, 12, 41, 11, 22, 24, 28, 45, 34]
사용한 3개 순위 패턴 10개: [(46, 46, 46), (4, 46, 46), (3, 46, 46), (17, 46, 46), (8, 46, 46), (12, 17, 46), (1, 5, 46), (1, 9, 46), (8, 17, 46), (8, 23, 46)]
예측 개수: 10


[73회차]
당첨번호: [3, 12, 18, 32, 40, 43], 보너스: 38
출현빈도 정렬: [40, 37, 25, 7, 26, 39, 2, 16, 17, 33, 36, 4, 10, 15, 38, 43, 3, 6, 8, 14, 18, 19, 21, 23, 30, 31, 35, 44, 27, 42, 9, 13, 20, 29, 5, 32, 1, 11, 12, 41, 22, 24, 28, 45, 34]
사용한 3개 순위 패턴 10개: [(46, 46, 46), (4, 46, 46), (3, 46, 46), (17, 46, 46), (8, 46, 46), (12, 17, 46), (1, 5, 46), (1, 9, 46), (8, 17, 46), (8, 23, 46)]
예측 개수: 10


[74회차]
당첨번호: [6, 15, 17, 18, 35, 40], 보너스: 23
출현빈도 정렬: [40, 37, 25, 7, 26, 39, 2, 16, 17, 33, 36, 43, 3, 4, 10, 15, 18, 38, 6, 8, 14, 19, 21, 23, 30, 31, 35, 44, 27, 42, 9, 13, 20, 29, 32, 5, 12, 1, 11, 41, 22, 24, 28, 45, 34]
사용한 3개 순위 패턴 10개: [(46, 46, 46), (4, 46, 46), (3, 46, 46), (17, 46, 46), (8, 46, 46), (12, 17, 46), (1, 5, 46), (1, 9, 46), (8, 17, 46), (8, 23, 46)]
예측 개수: 10


[75회차]
당첨번호: [2, 5, 24, 32, 34, 44], 보너스: 28
출현빈도 정렬: [40, 37, 25, 7, 26, 17, 39, 2, 15, 16, 18, 33, 36, 43, 3, 4, 6, 10, 35, 38, 8, 14, 19, 21, 23, 30, 31, 44, 27, 42, 9, 13, 20, 29, 32, 5, 12, 1, 11, 41, 22, 24, 28, 45, 34]
사용한 3개 순위 패턴 10개: [(46, 46, 46), (4, 46, 46), (3, 46, 46), (17, 46, 46), (8, 46, 46), (12, 17, 46), (1, 5, 46), (1, 9, 46), (8, 17, 46), (8, 23, 46)]
예측 개수: 10


[76회차]
당첨번호: [1, 3, 15, 22, 25, 37], 보너스: 43
출현빈도 정렬: [40, 37, 25, 7, 26, 2, 17, 39, 15, 16, 18, 33, 36, 43, 3, 4, 6, 10, 35, 38, 44, 8, 14, 19, 21, 23, 30, 31, 27, 32, 42, 5, 9, 13, 20, 29, 12, 1, 11, 41, 22, 24, 28, 34, 45]
사용한 3개 순위 패턴 10개: [(46, 46, 46), (4, 46, 46), (3, 46, 46), (17, 46, 46), (8, 46, 46), (12, 17, 46), (1, 5, 46), (1, 9, 46), (8, 17, 46), (8, 23, 46)]
예측 개수: 10


[77회차]
당첨번호: [2, 18, 29, 32, 43, 44], 보너스: 37
출현빈도 정렬: [40, 37, 25, 7, 26, 2, 15, 17, 39, 3, 16, 18, 33, 36, 43, 4, 6, 10, 35, 38, 44, 8, 14, 19, 21, 23, 30, 31, 27, 32, 42, 5, 9, 13, 20, 29, 1, 12, 11, 22, 41, 24, 28, 34, 45]
사용한 3개 순위 패턴 10개: [(46, 46, 46), (4, 46, 46), (3, 46, 46), (17, 46, 46), (8, 46, 46), (12, 17, 46), (1, 5, 46), (1, 9, 46), (8, 17, 46), (8, 23, 46)]
예측 개수: 10


[78회차]
당첨번호: [10, 13, 25, 29, 33, 35], 보너스: 38
출현빈도 정렬: [40, 37, 25, 2, 7, 26, 15, 17, 18, 39, 43, 3, 16, 33, 36, 44, 4, 6, 10, 35, 38, 8, 14, 19, 21, 23, 30, 31, 32, 27, 29, 42, 5, 9, 13, 20, 1, 12, 11, 22, 41, 24, 28, 34, 45]
사용한 3개 순위 패턴 10개: [(46, 46, 46), (4, 46, 46), (3, 46, 46), (17, 46, 46), (8, 46, 46), (12, 17, 46), (1, 5, 46), (1, 9, 46), (8, 17, 46), (8, 23, 46)]
예측 개수: 10


[79회차]
당첨번호: [3, 12, 24, 27, 30, 32], 보너스: 14
출현빈도 정렬: [40, 25, 37, 2, 7, 26, 15, 17, 18, 33, 39, 43, 3, 10, 16, 35, 36, 44, 4, 6, 38, 8, 14, 19, 21, 23, 29, 30, 31, 32, 13, 27, 42, 5, 9, 20, 1, 12, 11, 22, 41, 24, 28, 34, 45]
사용한 3개 순위 패턴 10개: [(46, 46, 46), (4, 46, 46), (3, 46, 46), (17, 46, 46), (8, 46, 46), (12, 17, 46), (1, 5, 46), (1, 9, 46), (8, 17, 46), (8, 23, 46)]
예측 개수: 10


[80회차]
당첨번호: [17, 18, 24, 25, 26, 30], 보너스: 1
출현빈도 정렬: [40, 25, 37, 2, 7, 26, 3, 15, 17, 18, 33, 39, 43, 10, 16, 35, 36, 44, 4, 6, 30, 32, 38, 8, 14, 19, 21, 23, 27, 29, 31, 13, 42, 5, 9, 12, 20, 1, 11, 22, 24, 41, 28, 34, 45]
사용한 3개 순위 패턴 10개: [(46, 46, 46), (4, 46, 46), (3, 46, 46), (17, 46, 46), (8, 46, 46), (12, 17, 46), (1, 5, 46), (1, 9, 46), (8, 17, 46), (8, 23, 46)]
예측 개수: 10


[81회차]
당첨번호: [5, 7, 11, 13, 20, 33], 보너스: 6
출현빈도 정렬: [40, 25, 37, 26, 2, 7, 17, 18, 3, 15, 33, 39, 43, 10, 16, 30, 35, 36, 44, 4, 6, 32, 38, 8, 14, 19, 21, 23, 27, 29, 31, 13, 42, 5, 9, 12, 20, 1, 24, 11, 22, 41, 28, 34, 45]
사용한 3개 순위 패턴 10개: [(46, 46, 46), (4, 46, 46), (3, 46, 46), (17, 46, 46), (8, 46, 46), (12, 17, 46), (1, 5, 46), (1, 9, 46), (8, 17, 46), (8, 23, 46)]
예측 개수: 10


[82회차]
당첨번호: [1, 2, 3, 14, 27, 42], 보너스: 39
출현빈도 정렬: [40, 25, 37, 7, 26, 2, 17, 18, 33, 3, 15, 39, 43, 10, 16, 30, 35, 36, 44, 4, 6, 32, 38, 8, 13, 14, 19, 21, 23, 27, 29, 31, 5, 20, 42, 9, 12, 1, 11, 24, 22, 41, 28, 34, 45]
사용한 3개 순위 패턴 10개: [(46, 46, 46), (4, 46, 46), (3, 46, 46), (17, 46, 46), (8, 46, 46), (12, 17, 46), (1, 5, 46), (1, 9, 46), (8, 17, 46), (8, 23, 46)]
예측 개수: 10


[83회차]
당첨번호: [6, 10, 15, 17, 19, 34], 보너스: 14
출현빈도 정렬: [40, 25, 37, 2, 7, 26, 3, 17, 18, 33, 15, 39, 43, 10, 16, 30, 35, 36, 44, 4, 6, 14, 27, 32, 38, 8, 13, 19, 21, 23, 29, 31, 42, 5, 20, 1, 9, 12, 11, 24, 22, 41, 28, 34, 45]
사용한 3개 순위 패턴 10개: [(46, 46, 46), (4, 46, 46), (3, 46, 46), (17, 46, 46), (8, 46, 46), (12, 17, 46), (1, 5, 46), (1, 9, 46), (8, 17, 46), (8, 23, 46)]
예측 개수: 10


[84회차]
당첨번호: [16, 23, 27, 34, 42, 45], 보너스: 11
출현빈도 정렬: [40, 25, 37, 2, 7, 17, 26, 3, 15, 18, 33, 10, 39, 43, 6, 16, 30, 35, 36, 44, 4, 14, 19, 27, 32, 38, 8, 13, 21, 23, 29, 31, 42, 5, 20, 1, 9, 12, 11, 24, 22, 41, 34, 28, 45]
사용한 3개 순위 패턴 10개: [(46, 46, 46), (4, 46, 46), (3, 46, 46), (17, 46, 46), (8, 46, 46), (12, 17, 46), (1, 5, 46), (1, 9, 46), (8, 17, 46), (8, 23, 46)]
예측 개수: 10


[85회차]
당첨번호: [6, 8, 13, 23, 31, 36], 보너스: 21
출현빈도 정렬: [40, 25, 37, 2, 7, 17, 26, 3, 15, 18, 33, 10, 16, 39, 43, 6, 27, 30, 35, 36, 44, 4, 14, 19, 23, 32, 38, 42, 8, 13, 21, 29, 31, 5, 20, 1, 9, 12, 11, 24, 22, 34, 41, 45, 28]
사용한 3개 순위 패턴 10개: [(46, 46, 46), (4, 46, 46), (3, 46, 46), (17, 46, 46), (8, 46, 46), (12, 17, 46), (1, 5, 46), (1, 9, 46), (8, 17, 46), (8, 23, 46)]
예측 개수: 10


[86회차]
당첨번호: [2, 12, 37, 39, 41, 45], 보너스: 33
출현빈도 정렬: [40, 25, 37, 2, 7, 17, 26, 3, 15, 18, 33, 6, 10, 16, 36, 39, 43, 23, 27, 30, 35, 44, 4, 8, 13, 14, 19, 31, 32, 38, 42, 21, 29, 5, 20, 1, 9, 12, 11, 24, 22, 34, 41, 45, 28]
사용한 3개 순위 패턴 10개: [(46, 46, 46), (4, 46, 46), (3, 46, 46), (17, 46, 46), (8, 46, 46), (12, 17, 46), (1, 5, 46), (1, 9, 46), (8, 17, 46), (8, 23, 46)]
예측 개수: 10


[87회차]
당첨번호: [4, 12, 16, 23, 34, 43], 보너스: 26
출현빈도 정렬: [40, 25, 37, 2, 7, 17, 26, 3, 15, 18, 33, 39, 6, 10, 16, 36, 43, 23, 27, 30, 35, 44, 4, 8, 13, 14, 19, 31, 32, 38, 42, 21, 29, 5, 12, 20, 1, 9, 11, 24, 41, 22, 34, 45, 28]
사용한 3개 순위 패턴 10개: [(46, 46, 46), (4, 46, 46), (3, 46, 46), (17, 46, 46), (8, 46, 46), (12, 17, 46), (1, 5, 46), (1, 9, 46), (8, 17, 46), (8, 23, 46)]
예측 개수: 10


[88회차]
당첨번호: [1, 17, 20, 24, 30, 41], 보너스: 27
출현빈도 정렬: [40, 25, 37, 2, 7, 17, 26, 3, 15, 16, 18, 33, 39, 43, 6, 10, 23, 36, 4, 27, 30, 35, 44, 8, 13, 14, 19, 31, 32, 38, 42, 12, 21, 29, 5, 20, 1, 9, 11, 24, 34, 41, 22, 45, 28]
사용한 3개 순위 패턴 10개: [(46, 46, 46), (4, 46, 46), (3, 46, 46), (17, 46, 46), (8, 46, 46), (12, 17, 46), (1, 5, 46), (1, 9, 46), (8, 17, 46), (8, 23, 46)]
예측 개수: 10


[89회차]
당첨번호: [4, 26, 28, 29, 33, 40], 보너스: 37
출현빈도 정렬: [40, 25, 37, 2, 17, 7, 26, 3, 15, 16, 18, 33, 39, 43, 6, 10, 23, 30, 36, 4, 27, 35, 44, 8, 13, 14, 19, 31, 32, 38, 42, 12, 20, 21, 29, 1, 5, 9, 24, 41, 11, 34, 22, 45, 28]
사용한 3개 순위 패턴 10개: [(46, 46, 46), (4, 46, 46), (3, 46, 46), (17, 46, 46), (8, 46, 46), (12, 17, 46), (1, 5, 46), (1, 9, 46), (8, 17, 46), (8, 23, 46)]
예측 개수: 10


[90회차]
당첨번호: [17, 20, 29, 35, 38, 44], 보너스: 10
출현빈도 정렬: [40, 25, 37, 2, 17, 26, 7, 33, 3, 15, 16, 18, 39, 43, 4, 6, 10, 23, 30, 36, 27, 35, 44, 8, 13, 14, 19, 29, 31, 32, 38, 42, 12, 20, 21, 1, 5, 9, 24, 41, 11, 34, 22, 45, 28]
사용한 3개 순위 패턴 10개: [(46, 46, 46), (4, 46, 46), (3, 46, 46), (17, 46, 46), (8, 46, 46), (12, 17, 46), (1, 5, 46), (1, 9, 46), (8, 17, 46), (8, 23, 46)]
예측 개수: 10


[91회차]
당첨번호: [1, 21, 24, 26, 29, 42], 보너스: 27
출현빈도 정렬: [40, 25, 37, 17, 2, 26, 7, 33, 3, 15, 16, 18, 39, 43, 4, 6, 10, 23, 30, 35, 36, 44, 27, 29, 38, 8, 13, 14, 19, 20, 31, 32, 42, 12, 21, 1, 5, 9, 24, 41, 11, 34, 22, 45, 28]
사용한 3개 순위 패턴 10개: [(46, 46, 46), (4, 46, 46), (3, 46, 46), (17, 46, 46), (8, 46, 46), (12, 17, 46), (1, 5, 46), (1, 9, 46), (8, 17, 46), (8, 23, 46)]
예측 개수: 10


[92회차]
당첨번호: [3, 14, 24, 33, 35, 36], 보너스: 17
출현빈도 정렬: [40, 25, 37, 17, 26, 2, 7, 33, 3, 15, 16, 18, 39, 43, 4, 6, 10, 23, 29, 30, 35, 36, 44, 27, 38, 42, 8, 13, 14, 19, 20, 21, 31, 32, 1, 12, 5, 24, 9, 41, 11, 34, 22, 45, 28]
사용한 3개 순위 패턴 10개: [(46, 46, 46), (4, 46, 46), (3, 46, 46), (17, 46, 46), (8, 46, 46), (12, 17, 46), (1, 5, 46), (1, 9, 46), (8, 17, 46), (8, 23, 46)]
예측 개수: 10


[93회차]
당첨번호: [6, 22, 24, 36, 38, 44], 보너스: 19
출현빈도 정렬: [40, 25, 37, 17, 26, 2, 33, 3, 7, 15, 16, 18, 35, 36, 39, 43, 4, 6, 10, 23, 29, 30, 44, 14, 27, 38, 42, 8, 13, 19, 20, 21, 31, 32, 1, 12, 24, 5, 9, 41, 11, 34, 22, 45, 28]
사용한 3개 순위 패턴 10개: [(46, 46, 46), (4, 46, 46), (3, 46, 46), (17, 46, 46), (8, 46, 46), (12, 17, 46), (1, 5, 46), (1, 9, 46), (8, 17, 46), (8, 23, 46)]
예측 개수: 10


[94회차]
당첨번호: [5, 32, 34, 40, 41, 45], 보너스: 6
출현빈도 정렬: [40, 25, 37, 17, 26, 2, 33, 3, 7, 36, 6, 15, 16, 18, 35, 39, 43, 44, 4, 10, 23, 29, 30, 38, 14, 27, 42, 8, 13, 19, 20, 21, 24, 31, 32, 1, 12, 5, 9, 41, 11, 22, 34, 45, 28]
사용한 3개 순위 패턴 10개: [(46, 46, 46), (4, 46, 46), (3, 46, 46), (17, 46, 46), (8, 46, 46), (12, 17, 46), (1, 5, 46), (1, 9, 46), (8, 17, 46), (8, 23, 46)]
예측 개수: 10


[95회차]
당첨번호: [8, 17, 27, 31, 34, 43], 보너스: 14
출현빈도 정렬: [40, 25, 37, 17, 26, 2, 33, 3, 7, 36, 6, 15, 16, 18, 35, 39, 43, 44, 4, 10, 23, 29, 30, 38, 14, 27, 32, 42, 8, 13, 19, 20, 21, 24, 31, 1, 5, 12, 41, 9, 34, 11, 22, 45, 28]
사용한 3개 순위 패턴 10개: [(46, 46, 46), (4, 46, 46), (3, 46, 46), (17, 46, 46), (8, 46, 46), (12, 17, 46), (1, 5, 46), (1, 9, 46), (8, 17, 46), (8, 23, 46)]
예측 개수: 10


[96회차]
당첨번호: [1, 3, 8, 21, 22, 31], 보너스: 20
출현빈도 정렬: [40, 17, 25, 37, 26, 2, 33, 3, 7, 36, 43, 6, 15, 16, 18, 35, 39, 44, 4, 10, 23, 27, 29, 30, 38, 8, 14, 31, 32, 42, 13, 19, 20, 21, 24, 1, 5, 12, 34, 41, 9, 11, 22, 45, 28]
사용한 3개 순위 패턴 10개: [(46, 46, 46), (4, 46, 46), (3, 46, 46), (17, 46, 46), (8, 46, 46), (12, 17, 46), (1, 5, 46), (1, 9, 46), (8, 17, 46), (8, 23, 46)]
예측 개수: 10


[97회차]
당첨번호: [6, 7, 14, 15, 20, 36], 보너스: 3
출현빈도 정렬: [40, 17, 25, 37, 26, 2, 3, 33, 7, 36, 43, 6, 15, 16, 18, 35, 39, 44, 4, 8, 10, 23, 27, 29, 30, 31, 38, 14, 21, 32, 42, 1, 13, 19, 20, 24, 5, 12, 34, 41, 9, 22, 11, 45, 28]
사용한 3개 순위 패턴 10개: [(46, 46, 46), (4, 46, 46), (3, 46, 46), (17, 46, 46), (8, 46, 46), (12, 17, 46), (1, 5, 46), (1, 9, 46), (8, 17, 46), (8, 23, 46)]
예측 개수: 10


[98회차]
당첨번호: [6, 9, 16, 23, 24, 32], 보너스: 43
출현빈도 정렬: [40, 17, 25, 37, 26, 2, 3, 7, 33, 36, 6, 15, 43, 16, 18, 35, 39, 44, 4, 8, 10, 14, 23, 27, 29, 30, 31, 38, 20, 21, 32, 42, 1, 13, 19, 24, 5, 12, 34, 41, 9, 22, 11, 45, 28]
사용한 3개 순위 패턴 10개: [(46, 46, 46), (4, 46, 46), (3, 46, 46), (17, 46, 46), (8, 46, 46), (12, 17, 46), (1, 5, 46), (1, 9, 46), (8, 17, 46), (8, 23, 46)]
예측 개수: 10


[99회차]
당첨번호: [1, 3, 10, 27, 29, 37], 보너스: 11
출현빈도 정렬: [40, 17, 25, 37, 26, 2, 3, 6, 7, 33, 36, 15, 16, 43, 18, 23, 35, 39, 44, 4, 8, 10, 14, 27, 29, 30, 31, 32, 38, 20, 21, 24, 42, 1, 13, 19, 5, 12, 9, 34, 41, 22, 11, 45, 28]
사용한 3개 순위 패턴 10개: [(46, 46, 46), (4, 46, 46), (3, 46, 46), (17, 46, 46), (8, 46, 46), (12, 17, 46), (1, 5, 46), (1, 9, 46), (8, 17, 46), (8, 23, 46)]
예측 개수: 10


[100회차]
당첨번호: [1, 7, 11, 23, 37, 42], 보너스: 6
출현빈도 정렬: [40, 37, 17, 25, 3, 26, 2, 6, 7, 33, 36, 15, 16, 43, 10, 18, 23, 27, 29, 35, 39, 44, 4, 8, 14, 30, 31, 32, 38, 1, 20, 21, 24, 42, 13, 19, 5, 12, 9, 34, 41, 22, 11, 45, 28]
사용한 3개 순위 패턴 10개: [(46, 46, 46), (4, 46, 46), (3, 46, 46), (17, 46, 46), (8, 46, 46), (12, 17, 46), (1, 5, 46), (1, 9, 46), (8, 17, 46), (8, 23, 46)]
예측 개수: 10
