[601회차]
당첨번호: [2, 16, 19, 31, 34, 35], 보너스: 37
출현빈도 정렬: [20, 40, 34, 37, 27, 1, 14, 17, 5, 4, 26, 13, 45, 8, 25, 43, 10, 18, 31, 3, 12, 24, 29, 35, 36, 11, 15, 39, 44, 33, 42, 2, 7, 19, 32, 23, 30, 38, 22, 6, 16, 21, 41, 28, 9]
사용한 3개 순위 패턴 10개: [(46, 46, 46), (4, 46, 46), (13, 20, 37), (3, 46, 46), (6, 10, 20), (3, 28, 36), (13, 22, 36), (6, 24, 33), (13, 15, 31), (15, 17, 31)]
예측 개수: 10


[602회차]
당첨번호: [13, 14, 22, 27, 30, 38], 보너스: 2
출현빈도 정렬: [20, 40, 34, 37, 27, 1, 14, 17, 5, 4, 26, 13, 45, 8, 25, 31, 43, 10, 18, 3, 12, 35, 24, 29, 36, 11, 15, 39, 44, 2, 19, 33, 42, 7, 32, 23, 30, 38, 16, 22, 6, 21, 41, 28, 9]
사용한 3개 순위 패턴 10개: [(46, 46, 46), (4, 46, 46), (13, 20, 37), (3, 46, 46), (6, 10, 20), (3, 28, 36), (13, 22, 36), (6, 24, 33), (13, 15, 31), (15, 17, 31)]
예측 개수: 10


[603회차]
당첨번호: [2, 19, 25, 26, 27, 43], 보너스: 28
출현빈도 정렬: [20, 40, 34, 37, 27, 14, 1, 17, 5, 4, 13, 26, 45, 8, 25, 31, 43, 10, 18, 3, 12, 35, 24, 29, 36, 11, 15, 39, 44, 2, 19, 33, 42, 7, 32, 30, 23, 38, 22, 16, 6, 21, 41, 28, 9]
사용한 3개 순위 패턴 10개: [(46, 46, 46), (4, 46, 46), (13, 20, 37), (3, 46, 46), (6, 10, 20), (3, 28, 36), (13, 22, 36), (6, 24, 33), (13, 15, 31), (15, 17, 31)]
예측 개수: 10


[604회차]
당첨번호: [2, 6, 18, 21, 33, 34], 보너스: 30
출현빈도 정렬: [20, 40, 34, 37, 27, 14, 1, 17, 5, 26, 4, 13, 25, 43, 45, 8, 31, 10, 18, 3, 12, 35, 24, 29, 36, 11, 2, 15, 19, 39, 44, 33, 42, 7, 32, 30, 23, 38, 22, 16, 6, 21, 41, 28, 9]
사용한 3개 순위 패턴 10개: [(46, 46, 46), (4, 46, 46), (13, 20, 37), (5, 7, 12), (3, 46, 46), (6, 10, 20), (3, 28, 36), (13, 22, 36), (6, 24, 33), (13, 15, 31)]
예측 개수: 10


[605회차]
당첨번호: [1, 2, 7, 9, 10, 38], 보너스: 42
출현빈도 정렬: [20, 40, 34, 37, 27, 14, 1, 17, 5, 26, 4, 13, 25, 43, 45, 8, 18, 31, 10, 3, 12, 35, 24, 29, 36, 2, 11, 15, 19, 33, 39, 44, 42, 7, 32, 30, 23, 38, 22, 6, 16, 21, 41, 28, 9]
사용한 3개 순위 패턴 10개: [(46, 46, 46), (4, 46, 46), (15, 17, 31), (13, 20, 37), (5, 7, 12), (3, 46, 46), (6, 10, 20), (3, 28, 36), (13, 22, 36), (6, 24, 33)]
예측 개수: 10


[606회차]
당첨번호: [1, 5, 6, 14, 20, 39], 보너스: 22
출현빈도 정렬: [20, 40, 34, 37, 27, 1, 14, 17, 5, 26, 4, 13, 25, 43, 45, 8, 10, 18, 31, 3, 12, 35, 2, 24, 29, 36, 11, 15, 19, 33, 39, 44, 7, 42, 32, 30, 38, 23, 22, 6, 16, 21, 41, 28, 9]
사용한 3개 순위 패턴 10개: [(46, 46, 46), (4, 46, 46), (15, 17, 31), (13, 20, 37), (5, 7, 12), (3, 46, 46), (6, 10, 20), (3, 28, 36), (13, 22, 36), (6, 24, 33)]
예측 개수: 10


[607회차]
당첨번호: [8, 14, 23, 36, 38, 39], 보너스: 13
출현빈도 정렬: [20, 40, 34, 37, 27, 1, 14, 17, 5, 26, 4, 13, 25, 43, 45, 8, 10, 18, 31, 3, 12, 35, 2, 24, 29, 36, 11, 39, 15, 19, 33, 44, 7, 42, 32, 30, 38, 23, 6, 22, 16, 21, 41, 28, 9]
사용한 3개 순위 패턴 10개: [(46, 46, 46), (4, 46, 46), (15, 17, 31), (13, 20, 37), (5, 7, 12), (3, 46, 46), (6, 10, 20), (3, 28, 36), (13, 22, 36), (6, 24, 33)]
예측 개수: 10


[608회차]
당첨번호: [4, 8, 18, 19, 39, 44], 보너스: 41
출현빈도 정렬: [20, 40, 34, 37, 14, 27, 1, 17, 5, 26, 4, 13, 8, 25, 43, 45, 10, 18, 31, 3, 12, 35, 36, 2, 24, 29, 39, 11, 15, 19, 33, 44, 7, 42, 32, 38, 23, 30, 6, 22, 16, 21, 41, 28, 9]
사용한 3개 순위 패턴 10개: [(46, 46, 46), (4, 46, 46), (15, 17, 31), (13, 20, 37), (5, 7, 12), (3, 46, 46), (6, 10, 20), (3, 28, 36), (13, 22, 36), (6, 24, 33)]
예측 개수: 10


[609회차]
당첨번호: [4, 8, 27, 34, 39, 40], 보너스: 13
출현빈도 정렬: [20, 40, 34, 37, 14, 27, 1, 17, 5, 4, 26, 13, 8, 18, 25, 43, 45, 10, 31, 3, 12, 35, 36, 39, 2, 24, 29, 11, 19, 44, 15, 33, 7, 42, 32, 38, 23, 30, 6, 22, 16, 21, 41, 28, 9]
사용한 3개 순위 패턴 10개: [(46, 46, 46), (4, 46, 46), (15, 17, 31), (13, 20, 37), (5, 7, 12), (3, 46, 46), (6, 10, 20), (3, 28, 36), (13, 22, 36), (6, 24, 33)]
예측 개수: 10


[610회차]
당첨번호: [14, 18, 20, 23, 28, 36], 보너스: 33
출현빈도 정렬: [20, 40, 34, 27, 37, 14, 1, 17, 4, 5, 26, 13, 8, 18, 25, 43, 45, 10, 31, 39, 3, 12, 35, 36, 2, 24, 29, 11, 19, 44, 15, 33, 7, 42, 32, 38, 23, 30, 6, 22, 16, 21, 41, 28, 9]
사용한 3개 순위 패턴 10개: [(46, 46, 46), (4, 46, 46), (15, 17, 31), (13, 20, 37), (5, 7, 12), (3, 46, 46), (6, 10, 20), (3, 28, 36), (13, 22, 36), (6, 24, 33)]
예측 개수: 10


[611회차]
당첨번호: [2, 22, 27, 33, 36, 37], 보너스: 14
출현빈도 정렬: [20, 40, 34, 14, 27, 37, 1, 17, 4, 5, 26, 13, 8, 18, 25, 43, 45, 10, 31, 36, 39, 3, 12, 35, 2, 24, 29, 11, 19, 44, 15, 33, 7, 42, 23, 32, 38, 30, 6, 22, 16, 21, 41, 28, 9]
사용한 3개 순위 패턴 10개: [(46, 46, 46), (4, 46, 46), (15, 17, 31), (13, 20, 37), (5, 7, 12), (3, 46, 46), (6, 10, 20), (3, 28, 36), (13, 22, 36), (6, 24, 33)]
예측 개수: 10


[612회차]
당첨번호: [6, 9, 18, 19, 25, 33], 보너스: 40
출현빈도 정렬: [20, 40, 34, 27, 37, 14, 1, 17, 4, 5, 26, 13, 8, 18, 25, 43, 45, 10, 31, 36, 39, 2, 3, 12, 35, 24, 29, 11, 19, 33, 44, 15, 7, 42, 23, 32, 38, 30, 22, 6, 16, 21, 41, 28, 9]
사용한 3개 순위 패턴 10개: [(46, 46, 46), (4, 46, 46), (15, 17, 31), (13, 20, 37), (5, 7, 12), (3, 46, 46), (6, 10, 20), (3, 28, 36), (13, 22, 36), (6, 24, 33)]
예측 개수: 10


[613회차]
당첨번호: [7, 8, 11, 16, 41, 44], 보너스: 35
출현빈도 정렬: [20, 40, 34, 27, 37, 14, 1, 17, 4, 5, 26, 13, 8, 18, 25, 43, 45, 10, 31, 36, 39, 2, 3, 12, 35, 19, 24, 29, 33, 11, 44, 15, 7, 42, 23, 32, 38, 30, 6, 22, 16, 21, 41, 28, 9]
사용한 3개 순위 패턴 10개: [(46, 46, 46), (4, 46, 46), (15, 17, 31), (13, 20, 37), (5, 7, 12), (3, 46, 46), (6, 10, 20), (3, 28, 36), (13, 22, 36), (6, 24, 33)]
예측 개수: 10


[614회차]
당첨번호: [8, 21, 25, 39, 40, 44], 보너스: 18
출현빈도 정렬: [20, 40, 34, 27, 37, 14, 1, 17, 4, 5, 26, 8, 13, 18, 25, 43, 45, 10, 31, 36, 39, 2, 3, 12, 35, 11, 19, 24, 29, 33, 44, 7, 15, 42, 23, 32, 38, 30, 6, 22, 16, 21, 41, 28, 9]
사용한 3개 순위 패턴 10개: [(46, 46, 46), (4, 46, 46), (15, 17, 31), (13, 20, 37), (5, 7, 12), (3, 46, 46), (6, 10, 20), (3, 28, 36), (13, 22, 36), (6, 24, 33)]
예측 개수: 10


[615회차]
당첨번호: [10, 17, 18, 19, 23, 27], 보너스: 35
출현빈도 정렬: [20, 40, 34, 27, 37, 14, 1, 17, 4, 5, 8, 26, 13, 18, 25, 43, 45, 10, 31, 36, 39, 2, 3, 12, 35, 44, 11, 19, 24, 29, 33, 7, 15, 42, 23, 32, 38, 30, 6, 22, 16, 21, 41, 28, 9]
사용한 3개 순위 패턴 10개: [(46, 46, 46), (4, 46, 46), (15, 17, 31), (13, 20, 37), (5, 7, 12), (3, 46, 46), (6, 10, 20), (3, 28, 36), (13, 22, 36), (6, 24, 33)]
예측 개수: 10


[616회차]
당첨번호: [5, 13, 18, 23, 40, 45], 보너스: 3
출현빈도 정렬: [20, 40, 34, 27, 37, 14, 1, 17, 4, 5, 8, 26, 13, 18, 25, 10, 43, 45, 31, 36, 39, 2, 3, 12, 19, 35, 44, 11, 24, 29, 33, 7, 15, 23, 42, 32, 38, 30, 6, 22, 16, 21, 41, 28, 9]
사용한 3개 순위 패턴 10개: [(46, 46, 46), (4, 46, 46), (15, 17, 31), (13, 20, 37), (5, 7, 12), (3, 46, 46), (6, 10, 20), (3, 28, 36), (13, 22, 36), (6, 24, 33)]
예측 개수: 10


[617회차]
당첨번호: [4, 5, 11, 12, 24, 27], 보너스: 28
출현빈도 정렬: [20, 40, 34, 27, 37, 14, 1, 17, 5, 4, 8, 13, 18, 26, 25, 45, 10, 43, 31, 36, 39, 2, 3, 12, 19, 35, 44, 11, 24, 29, 33, 7, 15, 23, 42, 32, 38, 30, 6, 22, 16, 21, 41, 28, 9]
사용한 3개 순위 패턴 10개: [(46, 46, 46), (4, 46, 46), (15, 17, 31), (13, 20, 37), (5, 7, 12), (3, 46, 46), (6, 10, 20), (3, 28, 36), (13, 22, 36), (6, 24, 33)]
예측 개수: 10


[618회차]
당첨번호: [8, 16, 25, 30, 42, 43], 보너스: 15
출현빈도 정렬: [20, 40, 34, 27, 37, 14, 1, 5, 17, 4, 8, 13, 18, 26, 25, 45, 10, 43, 31, 36, 39, 12, 2, 3, 11, 19, 24, 35, 44, 29, 33, 7, 15, 23, 42, 32, 38, 30, 6, 22, 16, 21, 41, 28, 9]
사용한 3개 순위 패턴 10개: [(46, 46, 46), (4, 46, 46), (15, 17, 31), (13, 20, 37), (2, 10, 14), (5, 7, 12), (3, 46, 46), (6, 10, 20), (3, 28, 36), (13, 22, 36)]
예측 개수: 10


[619회차]
당첨번호: [6, 8, 13, 30, 35, 40], 보너스: 21
출현빈도 정렬: [20, 40, 34, 27, 37, 14, 1, 5, 17, 4, 8, 13, 18, 26, 25, 43, 45, 10, 31, 36, 39, 12, 2, 3, 11, 19, 24, 35, 44, 29, 33, 7, 15, 23, 42, 30, 32, 38, 6, 16, 22, 21, 41, 28, 9]
사용한 3개 순위 패턴 10개: [(46, 46, 46), (4, 46, 46), (15, 17, 31), (13, 20, 37), (2, 10, 14), (5, 7, 12), (3, 46, 46), (6, 10, 20), (3, 28, 36), (13, 22, 36)]
예측 개수: 10


[620회차]
당첨번호: [2, 16, 17, 32, 39, 45], 보너스: 40
출현빈도 정렬: [20, 40, 34, 27, 37, 14, 1, 5, 17, 4, 8, 13, 18, 26, 25, 43, 45, 10, 31, 36, 39, 12, 35, 2, 3, 11, 19, 24, 44, 29, 33, 7, 15, 23, 42, 30, 32, 38, 6, 16, 22, 21, 41, 28, 9]
사용한 3개 순위 패턴 10개: [(46, 46, 46), (4, 46, 46), (15, 17, 31), (13, 20, 37), (2, 10, 14), (5, 7, 12), (3, 46, 46), (6, 10, 20), (3, 28, 36), (13, 22, 36)]
예측 개수: 10


[621회차]
당첨번호: [1, 2, 6, 16, 19, 42], 보너스: 9
출현빈도 정렬: [20, 40, 34, 27, 37, 14, 1, 17, 5, 4, 8, 13, 18, 26, 25, 45, 43, 10, 39, 31, 36, 2, 12, 35, 3, 11, 19, 24, 44, 29, 33, 7, 15, 23, 42, 30, 32, 38, 6, 16, 22, 21, 41, 28, 9]
사용한 3개 순위 패턴 10개: [(46, 46, 46), (4, 46, 46), (15, 17, 31), (13, 20, 37), (2, 10, 14), (5, 7, 12), (3, 46, 46), (6, 10, 20), (3, 28, 36), (13, 22, 36)]
예측 개수: 10


[622회차]
당첨번호: [9, 15, 16, 21, 28, 34], 보너스: 24
출현빈도 정렬: [20, 40, 34, 27, 37, 14, 1, 17, 5, 4, 8, 13, 18, 26, 25, 45, 43, 10, 39, 2, 31, 36, 12, 19, 35, 3, 11, 24, 44, 29, 33, 42, 7, 15, 23, 30, 32, 6, 16, 38, 22, 21, 41, 28, 9]
사용한 3개 순위 패턴 10개: [(46, 46, 46), (4, 46, 46), (15, 17, 31), (13, 20, 37), (2, 10, 14), (5, 7, 12), (3, 46, 46), (6, 10, 20), (3, 28, 36), (13, 22, 36)]
예측 개수: 10


[623회차]
당첨번호: [7, 13, 30, 39, 41, 45], 보너스: 25
출현빈도 정렬: [20, 40, 34, 27, 37, 14, 1, 17, 5, 4, 8, 13, 18, 26, 25, 45, 43, 10, 39, 2, 31, 36, 12, 19, 35, 3, 11, 24, 44, 29, 33, 15, 42, 7, 23, 16, 30, 32, 6, 38, 21, 22, 41, 28, 9]
사용한 3개 순위 패턴 10개: [(46, 46, 46), (4, 46, 46), (15, 17, 31), (13, 20, 37), (2, 10, 14), (5, 7, 12), (3, 46, 46), (6, 10, 20), (3, 28, 36), (13, 22, 36)]
예측 개수: 10


[624회차]
당첨번호: [1, 7, 19, 26, 27, 35], 보너스: 16
출현빈도 정렬: [20, 40, 34, 27, 37, 14, 1, 17, 5, 4, 8, 13, 18, 26, 25, 45, 39, 43, 10, 2, 31, 36, 12, 19, 35, 3, 11, 24, 44, 29, 33, 7, 15, 42, 23, 30, 16, 32, 6, 38, 21, 22, 41, 28, 9]
사용한 3개 순위 패턴 10개: [(46, 46, 46), (4, 46, 46), (15, 17, 31), (13, 20, 37), (2, 10, 14), (5, 7, 12), (3, 46, 46), (6, 10, 20), (3, 28, 36), (13, 22, 36)]
예측 개수: 10


[625회차]
당첨번호: [3, 6, 7, 20, 21, 39], 보너스: 13
출현빈도 정렬: [20, 40, 34, 27, 37, 1, 14, 17, 5, 4, 8, 13, 26, 18, 25, 45, 39, 43, 10, 2, 19, 31, 35, 36, 12, 3, 11, 24, 44, 7, 29, 33, 15, 42, 23, 30, 16, 32, 6, 38, 21, 22, 41, 28, 9]
사용한 3개 순위 패턴 10개: [(46, 46, 46), (4, 46, 46), (15, 17, 31), (13, 20, 37), (2, 10, 14), (5, 7, 12), (3, 46, 46), (6, 10, 20), (3, 28, 36), (13, 22, 36)]
예측 개수: 10


[626회차]
당첨번호: [13, 14, 26, 33, 40, 43], 보너스: 15
출현빈도 정렬: [20, 40, 34, 27, 37, 1, 14, 17, 5, 4, 8, 13, 26, 18, 25, 45, 39, 43, 10, 2, 19, 31, 35, 36, 3, 12, 7, 11, 24, 44, 29, 33, 15, 42, 23, 30, 6, 16, 32, 38, 21, 22, 41, 28, 9]
사용한 3개 순위 패턴 10개: [(46, 46, 46), (4, 46, 46), (15, 17, 31), (13, 20, 37), (2, 10, 14), (5, 7, 12), (3, 46, 46), (6, 10, 20), (3, 28, 36), (13, 22, 36)]
예측 개수: 10


[627회차]
당첨번호: [2, 9, 22, 25, 31, 45], 보너스: 12
출현빈도 정렬: [20, 40, 34, 27, 14, 37, 1, 17, 5, 13, 4, 8, 26, 18, 25, 45, 39, 43, 10, 2, 19, 31, 35, 36, 3, 12, 7, 11, 24, 33, 44, 29, 15, 42, 23, 30, 6, 16, 32, 38, 21, 22, 41, 28, 9]
사용한 3개 순위 패턴 10개: [(46, 46, 46), (4, 46, 46), (15, 17, 31), (13, 20, 37), (2, 10, 14), (5, 7, 12), (3, 46, 46), (6, 10, 20), (3, 28, 36), (13, 22, 36)]
예측 개수: 10


[628회차]
당첨번호: [1, 7, 12, 15, 23, 42], 보너스: 11
출현빈도 정렬: [20, 40, 34, 27, 14, 37, 1, 17, 5, 13, 4, 8, 26, 18, 25, 45, 39, 43, 2, 10, 31, 19, 35, 36, 3, 12, 7, 11, 24, 33, 44, 29, 15, 42, 23, 30, 6, 16, 32, 38, 21, 22, 41, 28, 9]
사용한 3개 순위 패턴 10개: [(46, 46, 46), (4, 46, 46), (15, 17, 31), (13, 20, 37), (2, 10, 14), (5, 7, 12), (3, 46, 46), (6, 10, 20), (3, 28, 36), (13, 22, 36)]
예측 개수: 10


[629회차]
당첨번호: [19, 28, 31, 38, 43, 44], 보너스: 1
출현빈도 정렬: [20, 40, 34, 27, 1, 14, 37, 17, 5, 13, 4, 8, 26, 18, 25, 45, 39, 43, 2, 10, 31, 12, 19, 35, 36, 3, 7, 11, 24, 33, 44, 15, 29, 42, 23, 30, 6, 16, 32, 38, 21, 22, 41, 28, 9]
사용한 3개 순위 패턴 10개: [(46, 46, 46), (4, 46, 46), (15, 17, 31), (13, 20, 37), (2, 10, 14), (5, 7, 12), (3, 46, 46), (6, 10, 20), (3, 28, 36), (13, 22, 36)]
예측 개수: 10


[630회차]
당첨번호: [8, 17, 21, 24, 27, 31], 보너스: 15
출현빈도 정렬: [20, 40, 34, 27, 1, 14, 37, 17, 5, 13, 4, 8, 26, 18, 25, 45, 43, 39, 31, 2, 10, 19, 12, 35, 36, 3, 7, 44, 11, 24, 33, 15, 29, 42, 23, 30, 6, 16, 32, 38, 21, 22, 41, 28, 9]
사용한 3개 순위 패턴 10개: [(46, 46, 46), (4, 46, 46), (15, 17, 31), (13, 20, 37), (2, 10, 14), (5, 7, 12), (3, 46, 46), (6, 10, 20), (3, 28, 36), (13, 22, 36)]
예측 개수: 10


[631회차]
당첨번호: [1, 2, 4, 23, 31, 34], 보너스: 8
출현빈도 정렬: [20, 40, 34, 27, 1, 14, 37, 17, 5, 8, 13, 4, 26, 18, 25, 45, 43, 31, 39, 2, 10, 19, 12, 35, 36, 3, 7, 24, 44, 11, 33, 15, 29, 42, 23, 30, 6, 16, 32, 38, 21, 22, 41, 28, 9]
사용한 3개 순위 패턴 10개: [(46, 46, 46), (4, 46, 46), (15, 17, 31), (13, 20, 37), (2, 10, 14), (5, 7, 12), (3, 46, 46), (6, 10, 20), (3, 28, 36), (13, 22, 36)]
예측 개수: 10


[632회차]
당첨번호: [15, 18, 21, 32, 35, 44], 보너스: 6
출현빈도 정렬: [20, 40, 34, 27, 1, 14, 37, 17, 4, 5, 8, 13, 26, 18, 25, 45, 31, 43, 39, 2, 10, 19, 12, 35, 36, 3, 7, 24, 44, 11, 33, 15, 23, 29, 42, 30, 6, 16, 32, 38, 21, 22, 41, 28, 9]
사용한 3개 순위 패턴 10개: [(46, 46, 46), (4, 46, 46), (15, 17, 31), (13, 20, 37), (2, 10, 14), (5, 7, 12), (3, 46, 46), (6, 10, 20), (3, 28, 36), (13, 22, 36)]
예측 개수: 10


[633회차]
당첨번호: [9, 12, 19, 20, 39, 41], 보너스: 13
출현빈도 정렬: [20, 40, 34, 27, 1, 14, 37, 17, 4, 5, 8, 13, 26, 18, 25, 45, 31, 43, 39, 2, 10, 19, 35, 12, 36, 44, 3, 7, 24, 11, 15, 33, 23, 29, 42, 30, 32, 6, 16, 21, 38, 22, 41, 28, 9]
사용한 3개 순위 패턴 10개: [(46, 46, 46), (4, 46, 46), (15, 17, 31), (13, 20, 37), (2, 10, 14), (5, 7, 12), (3, 46, 46), (6, 10, 20), (3, 28, 36), (13, 22, 36)]
예측 개수: 10


[634회차]
당첨번호: [4, 10, 11, 12, 20, 27], 보너스: 38
출현빈도 정렬: [20, 40, 34, 27, 1, 14, 37, 17, 4, 5, 8, 13, 26, 18, 25, 45, 31, 39, 43, 2, 19, 10, 12, 35, 36, 44, 3, 7, 24, 11, 15, 33, 23, 29, 42, 30, 32, 6, 16, 21, 38, 22, 41, 28, 9]
사용한 3개 순위 패턴 10개: [(46, 46, 46), (4, 46, 46), (15, 17, 31), (13, 20, 37), (2, 10, 14), (5, 7, 12), (3, 46, 46), (6, 10, 20), (3, 28, 36), (13, 22, 36)]
예측 개수: 10


[635회차]
당첨번호: [11, 13, 25, 26, 29, 33], 보너스: 32
출현빈도 정렬: [20, 40, 34, 27, 1, 14, 37, 17, 4, 5, 8, 13, 26, 18, 25, 45, 31, 39, 43, 2, 10, 12, 19, 35, 36, 44, 3, 7, 11, 24, 15, 33, 23, 29, 42, 30, 32, 6, 16, 21, 38, 22, 41, 28, 9]
사용한 3개 순위 패턴 10개: [(46, 46, 46), (4, 46, 46), (15, 17, 31), (13, 20, 37), (2, 10, 14), (5, 7, 12), (3, 46, 46), (6, 10, 20), (3, 28, 36), (13, 22, 36)]
예측 개수: 10


[636회차]
당첨번호: [6, 7, 15, 16, 20, 31], 보너스: 26
출현빈도 정렬: [20, 40, 34, 27, 1, 14, 37, 17, 4, 13, 5, 8, 26, 18, 25, 45, 31, 39, 43, 2, 10, 12, 19, 35, 11, 36, 44, 3, 7, 24, 33, 15, 29, 23, 42, 30, 32, 6, 16, 21, 38, 22, 41, 28, 9]
사용한 3개 순위 패턴 10개: [(46, 46, 46), (4, 46, 46), (15, 17, 31), (13, 20, 37), (2, 10, 14), (5, 7, 12), (3, 46, 46), (6, 10, 20), (3, 28, 36), (13, 22, 36)]
예측 개수: 10


[637회차]
당첨번호: [3, 16, 22, 37, 38, 44], 보너스: 23
출현빈도 정렬: [20, 40, 34, 27, 1, 14, 37, 17, 4, 13, 5, 8, 26, 18, 25, 31, 45, 39, 43, 2, 10, 12, 19, 35, 7, 11, 36, 44, 3, 15, 24, 33, 29, 23, 42, 6, 16, 30, 32, 21, 38, 22, 41, 28, 9]
사용한 3개 순위 패턴 10개: [(46, 46, 46), (4, 46, 46), (15, 17, 31), (13, 20, 37), (2, 10, 14), (5, 7, 12), (3, 46, 46), (6, 10, 20), (3, 28, 36), (13, 22, 36)]
예측 개수: 10


[638회차]
당첨번호: [7, 18, 22, 24, 31, 34], 보너스: 6
출현빈도 정렬: [20, 40, 34, 27, 1, 37, 14, 17, 4, 13, 5, 8, 26, 18, 25, 31, 45, 39, 43, 2, 10, 12, 19, 35, 44, 3, 7, 11, 36, 15, 24, 33, 29, 23, 42, 16, 6, 30, 32, 38, 21, 22, 41, 28, 9]
사용한 3개 순위 패턴 10개: [(46, 46, 46), (4, 46, 46), (15, 17, 31), (13, 20, 37), (2, 10, 14), (5, 7, 12), (3, 46, 46), (6, 10, 20), (3, 28, 36), (13, 22, 36)]
예측 개수: 10


[639회차]
당첨번호: [6, 15, 22, 23, 25, 32], 보너스: 40
출현빈도 정렬: [20, 40, 34, 27, 1, 37, 14, 17, 4, 13, 5, 8, 26, 18, 25, 31, 45, 39, 43, 2, 10, 12, 19, 7, 35, 44, 3, 11, 24, 36, 15, 33, 29, 23, 42, 16, 6, 30, 32, 38, 21, 22, 41, 28, 9]
사용한 3개 순위 패턴 10개: [(46, 46, 46), (4, 46, 46), (15, 17, 31), (13, 20, 37), (2, 10, 14), (5, 7, 12), (3, 46, 46), (6, 10, 20), (3, 28, 36), (13, 22, 36)]
예측 개수: 10


[640회차]
당첨번호: [14, 15, 18, 21, 26, 35], 보너스: 23
출현빈도 정렬: [20, 40, 34, 27, 1, 37, 14, 17, 4, 13, 5, 8, 26, 18, 25, 31, 45, 39, 43, 2, 10, 12, 19, 7, 35, 44, 3, 11, 15, 24, 36, 33, 23, 29, 42, 6, 16, 32, 22, 30, 38, 21, 41, 28, 9]
사용한 3개 순위 패턴 10개: [(46, 46, 46), (4, 46, 46), (15, 17, 31), (13, 20, 37), (2, 10, 14), (5, 7, 12), (3, 46, 46), (6, 10, 20), (3, 28, 36), (13, 22, 36)]
예측 개수: 10


[641회차]
당첨번호: [11, 18, 21, 36, 37, 43], 보너스: 12
출현빈도 정렬: [20, 40, 34, 27, 1, 14, 37, 17, 4, 13, 26, 5, 8, 18, 25, 31, 45, 39, 43, 2, 10, 12, 19, 35, 7, 15, 44, 3, 11, 24, 36, 33, 23, 29, 42, 6, 16, 32, 21, 22, 30, 38, 41, 28, 9]
사용한 3개 순위 패턴 10개: [(46, 46, 46), (4, 46, 46), (15, 17, 31), (13, 20, 37), (2, 10, 14), (5, 7, 12), (3, 46, 46), (6, 10, 20), (3, 28, 36), (13, 22, 36)]
예측 개수: 10


[642회차]
당첨번호: [8, 17, 18, 24, 39, 45], 보너스: 32
출현빈도 정렬: [20, 40, 34, 27, 37, 1, 14, 17, 4, 13, 18, 26, 5, 8, 25, 31, 43, 45, 39, 2, 10, 12, 19, 35, 7, 11, 15, 36, 44, 3, 24, 33, 23, 29, 42, 6, 16, 21, 32, 22, 30, 38, 41, 28, 9]
사용한 3개 순위 패턴 10개: [(46, 46, 46), (4, 46, 46), (15, 17, 31), (13, 20, 37), (2, 10, 14), (5, 7, 12), (3, 46, 46), (6, 10, 20), (3, 28, 36), (13, 22, 36)]
예측 개수: 10


[643회차]
당첨번호: [15, 24, 31, 32, 33, 40], 보너스: 13
출현빈도 정렬: [20, 40, 34, 27, 37, 1, 14, 17, 18, 4, 8, 13, 26, 5, 25, 31, 45, 39, 43, 2, 10, 12, 19, 35, 7, 11, 15, 24, 36, 44, 3, 33, 23, 29, 42, 6, 16, 21, 32, 22, 30, 38, 41, 28, 9]
사용한 3개 순위 패턴 10개: [(46, 46, 46), (4, 46, 46), (15, 17, 31), (13, 20, 37), (2, 10, 14), (5, 7, 12), (3, 46, 46), (6, 10, 20), (3, 28, 36), (13, 22, 36)]
예측 개수: 10


[644회차]
당첨번호: [5, 13, 17, 23, 28, 36], 보너스: 8
출현빈도 정렬: [20, 40, 34, 27, 37, 1, 14, 17, 18, 4, 8, 13, 26, 5, 25, 31, 45, 39, 43, 2, 10, 12, 15, 19, 24, 35, 7, 11, 36, 44, 3, 33, 23, 29, 32, 42, 6, 16, 21, 22, 30, 38, 41, 28, 9]
사용한 3개 순위 패턴 10개: [(46, 46, 46), (4, 46, 46), (15, 17, 31), (13, 20, 37), (2, 10, 14), (5, 7, 12), (3, 46, 46), (6, 10, 20), (3, 28, 36), (13, 22, 36)]
예측 개수: 10


[645회차]
당첨번호: [1, 4, 16, 26, 40, 41], 보너스: 31
출현빈도 정렬: [20, 40, 34, 27, 37, 1, 14, 17, 13, 18, 4, 5, 8, 26, 25, 31, 45, 39, 43, 2, 10, 12, 15, 19, 24, 35, 36, 7, 11, 44, 3, 33, 23, 29, 32, 42, 6, 16, 21, 22, 30, 38, 41, 28, 9]
사용한 3개 순위 패턴 10개: [(46, 46, 46), (4, 46, 46), (15, 17, 31), (13, 20, 37), (2, 10, 14), (5, 7, 12), (3, 46, 46), (6, 10, 20), (3, 28, 36), (13, 22, 36)]
예측 개수: 10


[646회차]
당첨번호: [2, 9, 24, 41, 43, 45], 보너스: 30
출현빈도 정렬: [20, 40, 34, 27, 1, 37, 14, 17, 4, 13, 18, 26, 5, 8, 25, 31, 45, 39, 43, 2, 10, 12, 15, 19, 24, 35, 36, 7, 11, 44, 3, 33, 23, 29, 16, 32, 42, 6, 21, 22, 30, 38, 41, 28, 9]
사용한 3개 순위 패턴 10개: [(46, 46, 46), (4, 46, 46), (15, 17, 31), (13, 20, 37), (2, 10, 14), (5, 7, 12), (3, 46, 46), (6, 10, 20), (3, 28, 36), (13, 22, 36)]
예측 개수: 10


[647회차]
당첨번호: [5, 16, 21, 23, 24, 30], 보너스: 29
출현빈도 정렬: [20, 40, 34, 27, 1, 37, 14, 17, 4, 13, 18, 26, 5, 8, 25, 31, 45, 43, 39, 2, 24, 10, 12, 15, 19, 35, 36, 7, 11, 44, 3, 33, 23, 29, 16, 32, 42, 6, 21, 22, 30, 38, 41, 28, 9]
사용한 3개 순위 패턴 10개: [(46, 46, 46), (4, 46, 46), (15, 17, 31), (13, 20, 37), (2, 10, 14), (5, 7, 12), (3, 46, 46), (6, 10, 20), (3, 28, 36), (13, 22, 36)]
예측 개수: 10


[648회차]
당첨번호: [13, 19, 28, 37, 38, 43], 보너스: 4
출현빈도 정렬: [20, 40, 34, 27, 1, 37, 14, 17, 4, 5, 13, 18, 26, 8, 25, 31, 45, 43, 39, 24, 2, 10, 12, 15, 19, 35, 36, 7, 11, 44, 3, 23, 33, 16, 29, 21, 32, 42, 6, 30, 22, 38, 41, 28, 9]
사용한 3개 순위 패턴 10개: [(46, 46, 46), (4, 46, 46), (15, 17, 31), (13, 20, 37), (2, 10, 14), (5, 7, 12), (3, 46, 46), (6, 10, 20), (3, 28, 36), (13, 22, 36)]
예측 개수: 10


[649회차]
당첨번호: [3, 21, 22, 33, 41, 42], 보너스: 20
출현빈도 정렬: [20, 40, 34, 27, 37, 1, 14, 17, 13, 4, 5, 18, 26, 8, 25, 31, 43, 45, 39, 24, 2, 19, 10, 12, 15, 35, 36, 7, 11, 44, 3, 23, 33, 16, 29, 21, 32, 42, 6, 30, 38, 22, 41, 28, 9]
사용한 3개 순위 패턴 10개: [(46, 46, 46), (4, 46, 46), (15, 17, 31), (13, 20, 37), (2, 10, 14), (5, 7, 12), (3, 46, 46), (6, 10, 20), (3, 28, 36), (13, 22, 36)]
예측 개수: 10


[650회차]
당첨번호: [3, 4, 7, 11, 31, 41], 보너스: 35
출현빈도 정렬: [20, 40, 34, 27, 37, 1, 14, 17, 13, 4, 5, 18, 26, 8, 25, 31, 43, 45, 39, 24, 2, 19, 10, 12, 15, 35, 36, 3, 7, 11, 33, 44, 23, 16, 21, 29, 42, 32, 6, 22, 30, 38, 41, 28, 9]
사용한 3개 순위 패턴 10개: [(46, 46, 46), (4, 46, 46), (15, 17, 31), (13, 20, 37), (2, 10, 14), (5, 7, 12), (3, 46, 46), (6, 10, 20), (3, 28, 36), (13, 22, 36)]
예측 개수: 10


[651회차]
당첨번호: [11, 12, 16, 26, 29, 44], 보너스: 18
출현빈도 정렬: [20, 40, 34, 27, 37, 1, 14, 17, 4, 13, 5, 18, 26, 8, 31, 25, 43, 45, 39, 24, 2, 19, 3, 7, 10, 11, 12, 15, 35, 36, 33, 44, 23, 16, 21, 29, 42, 32, 6, 22, 30, 38, 41, 28, 9]
사용한 3개 순위 패턴 10개: [(46, 46, 46), (4, 46, 46), (15, 17, 31), (13, 20, 37), (2, 10, 14), (5, 7, 12), (3, 46, 46), (6, 10, 20), (3, 28, 36), (13, 22, 36)]
예측 개수: 10


[652회차]
당첨번호: [3, 13, 15, 40, 41, 44], 보너스: 20
출현빈도 정렬: [20, 40, 34, 27, 37, 1, 14, 17, 4, 13, 26, 5, 18, 8, 31, 25, 43, 45, 39, 24, 2, 11, 12, 19, 3, 7, 10, 15, 35, 36, 44, 33, 23, 16, 29, 21, 42, 32, 6, 22, 30, 38, 41, 28, 9]
사용한 3개 순위 패턴 10개: [(46, 46, 46), (4, 46, 46), (15, 17, 31), (13, 20, 37), (2, 10, 14), (5, 7, 12), (3, 46, 46), (6, 10, 20), (3, 28, 36), (13, 22, 36)]
예측 개수: 10


[653회차]
당첨번호: [5, 6, 26, 27, 38, 39], 보너스: 1
출현빈도 정렬: [20, 40, 34, 27, 37, 1, 14, 13, 17, 4, 26, 5, 18, 8, 31, 25, 43, 45, 39, 24, 2, 3, 11, 12, 15, 19, 44, 7, 10, 35, 36, 33, 23, 16, 29, 21, 42, 32, 6, 22, 30, 38, 41, 28, 9]
사용한 3개 순위 패턴 10개: [(46, 46, 46), (4, 46, 46), (15, 17, 31), (13, 20, 37), (2, 10, 14), (5, 7, 12), (3, 46, 46), (6, 10, 20), (3, 28, 36), (13, 26, 36)]
예측 개수: 10


[654회차]
당첨번호: [16, 21, 26, 31, 36, 43], 보너스: 6
출현빈도 정렬: [20, 40, 34, 27, 37, 1, 14, 13, 17, 26, 4, 5, 18, 8, 31, 25, 43, 45, 39, 24, 2, 3, 11, 12, 15, 19, 44, 7, 10, 35, 36, 33, 23, 16, 29, 21, 42, 6, 32, 38, 22, 30, 41, 28, 9]
사용한 3개 순위 패턴 10개: [(46, 46, 46), (4, 46, 46), (15, 17, 31), (13, 20, 37), (2, 10, 14), (5, 7, 12), (3, 46, 46), (6, 10, 20), (3, 28, 36), (13, 26, 36)]
예측 개수: 10


[655회차]
당첨번호: [7, 37, 38, 39, 40, 44], 보너스: 18
출현빈도 정렬: [20, 40, 34, 27, 37, 1, 14, 26, 13, 17, 4, 5, 18, 8, 31, 43, 25, 45, 39, 24, 2, 3, 11, 12, 15, 19, 36, 44, 7, 10, 35, 33, 16, 23, 21, 29, 42, 6, 32, 38, 22, 30, 41, 28, 9]
사용한 3개 순위 패턴 10개: [(46, 46, 46), (4, 46, 46), (15, 17, 31), (13, 20, 37), (2, 10, 14), (5, 7, 12), (3, 46, 46), (6, 10, 20), (3, 28, 36), (13, 26, 36)]
예측 개수: 10


[656회차]
당첨번호: [3, 7, 14, 16, 31, 40], 보너스: 39
출현빈도 정렬: [40, 20, 34, 27, 37, 1, 14, 26, 13, 17, 4, 5, 18, 8, 31, 43, 25, 39, 45, 24, 44, 2, 3, 7, 11, 12, 15, 19, 36, 10, 35, 33, 16, 23, 21, 29, 38, 42, 6, 32, 22, 30, 41, 28, 9]
사용한 3개 순위 패턴 10개: [(46, 46, 46), (4, 46, 46), (15, 17, 31), (13, 20, 37), (2, 10, 14), (5, 7, 12), (3, 46, 46), (6, 10, 20), (3, 28, 36), (13, 26, 36)]
예측 개수: 10


[657회차]
당첨번호: [10, 14, 19, 39, 40, 43], 보너스: 23
출현빈도 정렬: [40, 20, 34, 27, 37, 1, 14, 26, 13, 17, 4, 5, 18, 31, 8, 43, 25, 39, 45, 3, 7, 24, 44, 2, 11, 12, 15, 19, 36, 10, 35, 16, 33, 23, 21, 29, 38, 42, 6, 32, 22, 30, 41, 28, 9]
사용한 3개 순위 패턴 10개: [(46, 46, 46), (4, 46, 46), (15, 17, 31), (13, 20, 37), (2, 10, 14), (5, 7, 12), (3, 46, 46), (6, 10, 20), (3, 28, 36), (13, 26, 36)]
예측 개수: 10


[658회차]
당첨번호: [8, 19, 25, 28, 32, 36], 보너스: 37
출현빈도 정렬: [40, 20, 34, 27, 37, 14, 1, 26, 13, 17, 4, 5, 18, 31, 8, 43, 39, 25, 45, 3, 7, 19, 24, 44, 2, 10, 11, 12, 15, 36, 35, 16, 33, 23, 21, 29, 38, 42, 6, 32, 22, 30, 41, 28, 9]
사용한 3개 순위 패턴 10개: [(46, 46, 46), (4, 46, 46), (15, 17, 31), (13, 20, 37), (2, 10, 14), (5, 7, 12), (3, 46, 46), (6, 10, 20), (3, 28, 36), (13, 26, 36)]
예측 개수: 10


[659회차]
당첨번호: [7, 18, 19, 27, 29, 42], 보너스: 45
출현빈도 정렬: [40, 20, 34, 27, 37, 14, 1, 26, 13, 17, 4, 5, 8, 18, 31, 43, 25, 39, 45, 19, 3, 7, 24, 36, 44, 2, 10, 11, 12, 15, 35, 16, 33, 23, 21, 29, 32, 38, 42, 6, 22, 30, 41, 28, 9]
사용한 3개 순위 패턴 10개: [(46, 46, 46), (4, 46, 46), (15, 17, 31), (13, 20, 37), (2, 10, 14), (5, 7, 12), (3, 46, 46), (6, 10, 20), (3, 28, 36), (13, 26, 36)]
예측 개수: 10


[660회차]
당첨번호: [4, 9, 23, 33, 39, 44], 보너스: 14
출현빈도 정렬: [40, 20, 27, 34, 37, 14, 1, 26, 13, 17, 4, 5, 18, 8, 31, 43, 25, 39, 45, 19, 7, 3, 24, 36, 44, 2, 10, 11, 12, 15, 35, 16, 33, 23, 29, 21, 42, 32, 38, 6, 22, 30, 41, 28, 9]
사용한 3개 순위 패턴 10개: [(46, 46, 46), (4, 46, 46), (15, 17, 31), (13, 20, 37), (2, 10, 14), (5, 7, 12), (3, 46, 46), (6, 10, 20), (3, 28, 36), (13, 26, 36)]
예측 개수: 10


[661회차]
당첨번호: [2, 3, 12, 20, 27, 38], 보너스: 40
출현빈도 정렬: [40, 20, 27, 34, 37, 14, 1, 26, 4, 13, 17, 5, 18, 8, 31, 39, 43, 25, 45, 19, 7, 44, 3, 24, 36, 2, 10, 11, 12, 15, 33, 35, 16, 23, 29, 21, 42, 32, 38, 6, 22, 30, 41, 28, 9]
사용한 3개 순위 패턴 10개: [(46, 46, 46), (4, 46, 46), (15, 17, 31), (13, 20, 37), (2, 10, 14), (5, 7, 12), (3, 46, 46), (6, 10, 20), (3, 28, 36), (13, 26, 36)]
예측 개수: 10


[662회차]
당첨번호: [5, 6, 9, 11, 15, 37], 보너스: 26
출현빈도 정렬: [40, 20, 27, 34, 37, 14, 1, 26, 4, 13, 17, 5, 18, 8, 31, 39, 43, 25, 45, 19, 3, 7, 44, 2, 12, 24, 36, 10, 11, 15, 33, 35, 16, 23, 29, 21, 38, 42, 32, 6, 22, 30, 41, 28, 9]
사용한 3개 순위 패턴 10개: [(46, 46, 46), (4, 46, 46), (15, 17, 31), (13, 20, 37), (2, 10, 14), (5, 7, 12), (3, 46, 46), (6, 10, 20), (3, 28, 36), (13, 26, 36)]
예측 개수: 10


[663회차]
당첨번호: [3, 5, 8, 19, 38, 42], 보너스: 20
출현빈도 정렬: [40, 20, 27, 34, 37, 14, 1, 26, 4, 5, 13, 17, 18, 8, 31, 39, 43, 25, 45, 19, 3, 7, 44, 2, 11, 12, 15, 24, 36, 10, 33, 35, 16, 23, 29, 21, 38, 42, 6, 32, 22, 30, 41, 28, 9]
사용한 3개 순위 패턴 10개: [(46, 46, 46), (4, 46, 46), (15, 17, 31), (13, 20, 37), (2, 10, 14), (5, 7, 12), (3, 46, 46), (6, 10, 20), (3, 28, 36), (13, 26, 36)]
예측 개수: 10


[664회차]
당첨번호: [10, 20, 33, 36, 41, 44], 보너스: 5
출현빈도 정렬: [40, 20, 27, 34, 37, 14, 1, 5, 26, 4, 13, 17, 8, 18, 31, 39, 43, 25, 19, 45, 3, 7, 44, 2, 11, 12, 15, 24, 36, 10, 33, 35, 16, 23, 29, 38, 42, 21, 6, 32, 22, 30, 41, 28, 9]
사용한 3개 순위 패턴 10개: [(46, 46, 46), (4, 46, 46), (15, 17, 31), (13, 20, 37), (2, 10, 14), (5, 7, 12), (3, 46, 46), (6, 10, 20), (3, 28, 36), (13, 26, 36)]
예측 개수: 10


[665회차]
당첨번호: [5, 6, 11, 17, 38, 44], 보너스: 13
출현빈도 정렬: [40, 20, 27, 34, 37, 14, 1, 5, 26, 4, 13, 17, 8, 18, 31, 39, 43, 25, 19, 45, 3, 44, 7, 36, 2, 10, 11, 12, 15, 24, 33, 35, 16, 23, 29, 38, 42, 21, 6, 32, 41, 22, 30, 28, 9]
사용한 3개 순위 패턴 10개: [(46, 46, 46), (4, 46, 46), (15, 17, 31), (13, 20, 37), (2, 10, 14), (5, 7, 12), (3, 46, 46), (6, 10, 20), (3, 28, 36), (13, 26, 36)]
예측 개수: 10


[666회차]
당첨번호: [2, 4, 6, 11, 17, 28], 보너스: 16
출현빈도 정렬: [40, 20, 27, 34, 37, 14, 1, 5, 17, 26, 4, 13, 8, 18, 31, 39, 43, 25, 19, 44, 45, 3, 7, 11, 36, 2, 10, 12, 15, 24, 33, 35, 16, 23, 38, 29, 42, 6, 21, 32, 41, 22, 30, 28, 9]
사용한 3개 순위 패턴 10개: [(46, 46, 46), (4, 46, 46), (15, 17, 31), (13, 20, 37), (2, 10, 14), (5, 7, 12), (3, 46, 46), (6, 10, 20), (3, 28, 36), (13, 26, 36)]
예측 개수: 10


[667회차]
당첨번호: [15, 17, 25, 37, 42, 43], 보너스: 13
출현빈도 정렬: [40, 20, 27, 34, 37, 14, 1, 5, 17, 4, 26, 13, 8, 18, 31, 39, 43, 25, 19, 44, 45, 3, 11, 2, 7, 36, 10, 12, 15, 24, 33, 35, 16, 23, 38, 6, 29, 42, 21, 32, 41, 22, 30, 28, 9]
사용한 3개 순위 패턴 10개: [(46, 46, 46), (4, 46, 46), (15, 17, 31), (13, 20, 37), (2, 10, 14), (5, 7, 12), (3, 46, 46), (6, 10, 20), (3, 28, 36), (13, 26, 36)]
예측 개수: 10


[668회차]
당첨번호: [12, 14, 15, 24, 27, 32], 보너스: 3
출현빈도 정렬: [40, 20, 27, 34, 37, 14, 1, 17, 5, 4, 26, 13, 8, 18, 31, 43, 25, 39, 19, 44, 45, 3, 11, 2, 7, 15, 36, 10, 12, 24, 33, 35, 16, 23, 38, 42, 6, 29, 21, 32, 41, 22, 30, 28, 9]
사용한 3개 순위 패턴 10개: [(46, 46, 46), (4, 46, 46), (15, 17, 31), (13, 20, 37), (2, 10, 14), (5, 7, 12), (3, 46, 46), (6, 10, 20), (3, 28, 36), (13, 26, 36)]
예측 개수: 10


[669회차]
당첨번호: [7, 8, 20, 29, 33, 38], 보너스: 9
출현빈도 정렬: [40, 20, 27, 34, 37, 14, 1, 17, 5, 4, 26, 13, 8, 18, 31, 43, 25, 39, 19, 44, 45, 3, 11, 15, 2, 7, 12, 24, 36, 10, 33, 35, 16, 23, 38, 42, 6, 29, 21, 32, 41, 22, 30, 28, 9]
사용한 3개 순위 패턴 10개: [(46, 46, 46), (4, 46, 46), (15, 17, 31), (13, 20, 37), (2, 10, 14), (5, 7, 12), (5, 9, 17), (3, 46, 46), (6, 10, 20), (3, 28, 36)]
예측 개수: 10


[670회차]
당첨번호: [11, 18, 26, 27, 40, 41], 보너스: 25
출현빈도 정렬: [20, 40, 27, 34, 37, 14, 1, 17, 5, 4, 26, 8, 13, 18, 31, 43, 25, 39, 19, 44, 45, 3, 7, 11, 15, 2, 12, 24, 36, 10, 33, 35, 38, 16, 23, 29, 42, 6, 21, 32, 41, 22, 30, 28, 9]
사용한 3개 순위 패턴 10개: [(46, 46, 46), (4, 46, 46), (15, 17, 31), (13, 20, 37), (2, 10, 14), (5, 7, 12), (5, 9, 17), (3, 46, 46), (6, 10, 20), (3, 28, 36)]
예측 개수: 10


[671회차]
당첨번호: [7, 9, 10, 13, 31, 35], 보너스: 24
출현빈도 정렬: [40, 20, 27, 34, 37, 14, 1, 17, 5, 26, 4, 8, 13, 18, 31, 43, 25, 39, 11, 19, 44, 45, 3, 7, 15, 2, 12, 24, 36, 10, 33, 35, 38, 16, 23, 29, 42, 6, 21, 32, 41, 22, 30, 28, 9]
사용한 3개 순위 패턴 10개: [(46, 46, 46), (4, 46, 46), (15, 17, 31), (13, 20, 37), (2, 10, 14), (5, 7, 12), (5, 9, 17), (3, 46, 46), (6, 10, 20), (3, 28, 36)]
예측 개수: 10


[672회차]
당첨번호: [8, 21, 28, 31, 36, 45], 보너스: 43
출현빈도 정렬: [40, 20, 27, 34, 37, 14, 1, 17, 5, 26, 4, 13, 8, 18, 31, 43, 25, 39, 7, 11, 19, 44, 45, 3, 15, 2, 10, 12, 24, 36, 33, 35, 38, 16, 23, 29, 42, 6, 21, 32, 41, 22, 30, 28, 9]
사용한 3개 순위 패턴 10개: [(46, 46, 46), (4, 46, 46), (15, 17, 31), (13, 20, 37), (2, 10, 14), (5, 7, 12), (5, 9, 17), (3, 46, 46), (6, 10, 20), (3, 28, 36)]
예측 개수: 10


[673회차]
당첨번호: [7, 10, 17, 29, 33, 44], 보너스: 5
출현빈도 정렬: [40, 20, 27, 34, 37, 14, 1, 17, 5, 26, 4, 8, 13, 18, 31, 43, 25, 39, 45, 7, 11, 19, 44, 3, 15, 36, 2, 10, 12, 24, 33, 35, 38, 16, 23, 29, 42, 6, 21, 32, 41, 22, 30, 28, 9]
사용한 3개 순위 패턴 10개: [(46, 46, 46), (4, 46, 46), (15, 17, 31), (13, 20, 37), (2, 10, 14), (5, 7, 12), (5, 9, 17), (3, 46, 46), (6, 10, 20), (3, 28, 36)]
예측 개수: 10


[674회차]
당첨번호: [9, 10, 14, 25, 27, 31], 보너스: 11
출현빈도 정렬: [40, 20, 27, 34, 37, 14, 17, 1, 5, 26, 4, 8, 13, 18, 31, 43, 25, 39, 7, 44, 45, 11, 19, 3, 10, 15, 36, 2, 12, 24, 33, 35, 29, 38, 16, 23, 42, 6, 21, 32, 41, 22, 30, 28, 9]
사용한 3개 순위 패턴 10개: [(46, 46, 46), (4, 46, 46), (15, 17, 31), (13, 20, 37), (2, 10, 14), (5, 7, 12), (5, 9, 17), (3, 46, 46), (6, 10, 20), (3, 28, 36)]
예측 개수: 10


[675회차]
당첨번호: [1, 8, 11, 15, 18, 45], 보너스: 7
출현빈도 정렬: [40, 20, 27, 34, 37, 14, 17, 1, 5, 26, 4, 8, 13, 31, 18, 25, 43, 39, 7, 44, 45, 10, 11, 19, 3, 15, 36, 2, 12, 24, 33, 35, 29, 38, 16, 23, 42, 6, 21, 32, 41, 22, 30, 28, 9]
사용한 3개 순위 패턴 10개: [(46, 46, 46), (4, 46, 46), (15, 17, 31), (13, 20, 37), (2, 10, 14), (5, 7, 12), (5, 9, 17), (3, 46, 46), (6, 10, 20), (3, 28, 36)]
예측 개수: 10


[676회차]
당첨번호: [1, 8, 17, 34, 39, 45], 보너스: 27
출현빈도 정렬: [40, 20, 27, 34, 37, 14, 1, 17, 5, 8, 26, 4, 13, 18, 31, 25, 43, 39, 45, 7, 11, 44, 10, 15, 19, 3, 36, 2, 12, 24, 33, 35, 29, 38, 16, 23, 42, 6, 21, 32, 41, 22, 30, 28, 9]
사용한 3개 순위 패턴 10개: [(46, 46, 46), (4, 46, 46), (15, 17, 31), (13, 20, 37), (2, 10, 14), (5, 7, 12), (5, 9, 17), (3, 46, 46), (6, 10, 20), (3, 28, 36)]
예측 개수: 10


[677회차]
당첨번호: [12, 15, 24, 36, 41, 44], 보너스: 42
출현빈도 정렬: [40, 20, 27, 34, 37, 14, 1, 17, 8, 5, 26, 4, 13, 18, 31, 25, 39, 43, 45, 7, 11, 44, 10, 15, 19, 3, 36, 2, 12, 24, 33, 35, 29, 38, 16, 23, 42, 6, 21, 32, 41, 22, 30, 28, 9]
사용한 3개 순위 패턴 10개: [(46, 46, 46), (4, 46, 46), (15, 17, 31), (13, 20, 37), (2, 10, 14), (8, 21, 23), (5, 7, 12), (5, 9, 17), (3, 46, 46), (6, 10, 20)]
예측 개수: 10


[678회차]
당첨번호: [4, 5, 6, 12, 25, 37], 보너스: 45
출현빈도 정렬: [40, 20, 27, 34, 37, 14, 1, 17, 8, 5, 26, 4, 13, 18, 31, 25, 39, 43, 45, 44, 7, 11, 15, 10, 19, 36, 3, 12, 24, 2, 33, 35, 29, 38, 16, 23, 42, 6, 21, 32, 41, 22, 30, 28, 9]
사용한 3개 순위 패턴 10개: [(46, 46, 46), (4, 46, 46), (15, 17, 31), (13, 20, 37), (2, 10, 14), (8, 21, 23), (5, 7, 12), (5, 9, 17), (3, 46, 46), (6, 10, 20)]
예측 개수: 10


[679회차]
당첨번호: [3, 5, 7, 14, 26, 34], 보너스: 35
출현빈도 정렬: [40, 20, 27, 34, 37, 14, 1, 17, 5, 8, 4, 26, 13, 18, 31, 25, 39, 43, 45, 44, 7, 11, 15, 10, 12, 19, 36, 3, 24, 2, 33, 35, 29, 38, 6, 16, 23, 42, 21, 32, 41, 22, 30, 28, 9]
사용한 3개 순위 패턴 10개: [(46, 46, 46), (4, 46, 46), (15, 17, 31), (13, 20, 37), (2, 10, 14), (8, 21, 23), (5, 7, 12), (5, 9, 17), (3, 46, 46), (6, 10, 20)]
예측 개수: 10


[680회차]
당첨번호: [4, 10, 19, 29, 32, 42], 보너스: 30
출현빈도 정렬: [40, 20, 27, 34, 37, 14, 1, 17, 5, 8, 26, 4, 13, 18, 31, 25, 39, 43, 45, 7, 44, 11, 15, 3, 10, 12, 19, 36, 24, 2, 33, 35, 29, 38, 6, 16, 23, 42, 21, 32, 41, 22, 30, 28, 9]
사용한 3개 순위 패턴 10개: [(46, 46, 46), (4, 46, 46), (15, 17, 31), (13, 20, 37), (2, 10, 14), (8, 21, 23), (5, 7, 12), (5, 9, 17), (3, 46, 46), (6, 10, 20)]
예측 개수: 10


[681회차]
당첨번호: [21, 24, 27, 29, 43, 44], 보너스: 7
출현빈도 정렬: [40, 20, 27, 34, 37, 14, 1, 17, 5, 4, 8, 26, 13, 18, 31, 25, 39, 43, 45, 7, 44, 10, 11, 15, 19, 3, 12, 36, 24, 2, 33, 29, 35, 38, 42, 6, 16, 23, 21, 32, 41, 22, 30, 28, 9]
사용한 3개 순위 패턴 10개: [(46, 46, 46), (4, 46, 46), (15, 17, 31), (13, 20, 37), (2, 10, 14), (8, 21, 23), (5, 7, 12), (5, 9, 17), (3, 46, 46), (6, 10, 20)]
예측 개수: 10


[682회차]
당첨번호: [17, 23, 27, 35, 38, 43], 보너스: 2
출현빈도 정렬: [40, 20, 27, 34, 37, 14, 1, 17, 5, 4, 8, 26, 13, 18, 31, 25, 43, 39, 44, 45, 7, 10, 11, 15, 19, 3, 12, 24, 36, 2, 33, 29, 35, 38, 42, 6, 16, 21, 23, 32, 41, 22, 30, 28, 9]
사용한 3개 순위 패턴 10개: [(46, 46, 46), (4, 46, 46), (15, 17, 31), (13, 20, 37), (2, 10, 14), (8, 21, 23), (5, 7, 12), (5, 9, 17), (3, 46, 46), (6, 10, 20)]
예측 개수: 10


[683회차]
당첨번호: [6, 13, 20, 27, 28, 40], 보너스: 15
출현빈도 정렬: [40, 20, 27, 34, 37, 14, 17, 1, 5, 4, 8, 26, 13, 18, 31, 43, 25, 39, 44, 45, 7, 10, 11, 15, 19, 3, 12, 24, 36, 2, 33, 29, 35, 38, 23, 42, 6, 16, 21, 32, 41, 22, 30, 28, 9]
사용한 3개 순위 패턴 10개: [(46, 46, 46), (4, 46, 46), (15, 17, 31), (13, 20, 37), (2, 10, 14), (8, 21, 23), (5, 7, 12), (5, 9, 17), (3, 46, 46), (6, 10, 20)]
예측 개수: 10


[684회차]
당첨번호: [1, 11, 15, 17, 25, 39], 보너스: 40
출현빈도 정렬: [40, 20, 27, 34, 37, 14, 17, 1, 5, 4, 8, 26, 13, 18, 31, 43, 25, 39, 44, 45, 7, 10, 11, 15, 19, 3, 12, 24, 36, 2, 33, 29, 35, 38, 6, 23, 42, 16, 21, 32, 41, 22, 30, 28, 9]
사용한 3개 순위 패턴 10개: [(46, 46, 46), (4, 46, 46), (15, 17, 31), (13, 20, 37), (2, 10, 14), (8, 21, 23), (5, 7, 12), (5, 9, 17), (3, 46, 46), (6, 10, 20)]
예측 개수: 10


[685회차]
당첨번호: [6, 7, 12, 28, 38, 40], 보너스: 18
출현빈도 정렬: [40, 20, 27, 34, 37, 14, 17, 1, 5, 4, 8, 26, 13, 18, 31, 25, 43, 39, 44, 45, 7, 11, 15, 10, 19, 3, 12, 24, 36, 2, 33, 29, 35, 38, 6, 23, 42, 16, 21, 32, 41, 22, 30, 28, 9]
사용한 3개 순위 패턴 10개: [(46, 46, 46), (4, 46, 46), (15, 17, 31), (13, 20, 37), (2, 10, 14), (8, 21, 23), (5, 7, 12), (5, 9, 17), (3, 46, 46), (6, 10, 20)]
예측 개수: 10


[686회차]
당첨번호: [7, 12, 15, 24, 25, 43], 보너스: 13
출현빈도 정렬: [40, 20, 27, 34, 37, 14, 17, 1, 5, 4, 8, 26, 13, 18, 31, 25, 43, 39, 7, 44, 45, 11, 15, 10, 12, 19, 3, 24, 36, 2, 33, 29, 35, 38, 6, 23, 42, 16, 21, 32, 41, 22, 30, 28, 9]
사용한 3개 순위 패턴 10개: [(46, 46, 46), (4, 46, 46), (15, 17, 31), (13, 20, 37), (2, 10, 14), (8, 21, 23), (5, 7, 12), (5, 9, 17), (3, 46, 46), (6, 10, 20)]
예측 개수: 10


[687회차]
당첨번호: [1, 8, 10, 13, 28, 42], 보너스: 45
출현빈도 정렬: [40, 20, 27, 34, 37, 14, 17, 1, 5, 4, 8, 26, 13, 18, 25, 31, 43, 7, 39, 15, 44, 45, 11, 12, 10, 19, 24, 3, 36, 2, 33, 29, 35, 38, 6, 23, 42, 16, 21, 32, 41, 22, 30, 28, 9]
사용한 3개 순위 패턴 10개: [(46, 46, 46), (4, 46, 46), (15, 17, 31), (13, 20, 37), (2, 10, 14), (8, 21, 23), (5, 7, 12), (5, 9, 17), (3, 46, 46), (6, 10, 20)]
예측 개수: 10


[688회차]
당첨번호: [5, 15, 22, 23, 34, 35], 보너스: 2
출현빈도 정렬: [40, 20, 27, 34, 37, 1, 14, 17, 5, 8, 4, 13, 26, 18, 25, 31, 43, 7, 39, 15, 44, 45, 10, 11, 12, 19, 24, 3, 36, 2, 33, 29, 35, 38, 6, 42, 23, 16, 21, 32, 41, 22, 28, 30, 9]
사용한 3개 순위 패턴 10개: [(46, 46, 46), (4, 46, 46), (15, 17, 31), (13, 20, 37), (2, 10, 14), (8, 21, 23), (5, 7, 12), (5, 9, 17), (3, 46, 46), (6, 10, 20)]
예측 개수: 10


[689회차]
당첨번호: [7, 17, 19, 30, 36, 38], 보너스: 34
출현빈도 정렬: [40, 20, 27, 34, 37, 1, 14, 17, 5, 8, 4, 13, 26, 18, 25, 31, 43, 7, 15, 39, 44, 45, 10, 11, 12, 19, 24, 3, 36, 2, 33, 35, 29, 38, 6, 23, 42, 16, 21, 32, 41, 22, 28, 30, 9]
사용한 3개 순위 패턴 10개: [(46, 46, 46), (4, 46, 46), (15, 17, 31), (13, 20, 37), (2, 10, 14), (8, 21, 23), (5, 7, 12), (5, 9, 17), (3, 46, 46), (6, 10, 20)]
예측 개수: 10


[690회차]
당첨번호: [24, 25, 33, 34, 38, 39], 보너스: 43
출현빈도 정렬: [40, 20, 27, 34, 17, 37, 1, 14, 5, 8, 4, 13, 26, 18, 25, 31, 43, 7, 15, 39, 44, 45, 10, 11, 12, 19, 24, 36, 3, 2, 33, 35, 38, 29, 6, 23, 42, 16, 21, 32, 41, 22, 30, 28, 9]
사용한 3개 순위 패턴 10개: [(46, 46, 46), (4, 46, 46), (15, 17, 31), (13, 20, 37), (2, 10, 14), (8, 21, 23), (5, 7, 12), (5, 9, 17), (3, 46, 46), (6, 10, 20)]
예측 개수: 10


[691회차]
당첨번호: [15, 27, 33, 35, 43, 45], 보너스: 16
출현빈도 정렬: [40, 20, 27, 34, 17, 37, 1, 14, 5, 8, 4, 13, 26, 25, 18, 31, 43, 7, 39, 15, 44, 45, 10, 11, 12, 19, 24, 36, 3, 33, 38, 2, 35, 29, 6, 23, 42, 16, 21, 32, 41, 22, 30, 28, 9]
사용한 3개 순위 패턴 10개: [(46, 46, 46), (4, 46, 46), (15, 17, 31), (13, 20, 37), (2, 10, 14), (8, 21, 23), (5, 7, 12), (5, 9, 17), (3, 46, 46), (6, 10, 20)]
예측 개수: 10


[692회차]
당첨번호: [3, 11, 14, 15, 32, 36], 보너스: 44
출현빈도 정렬: [40, 20, 27, 34, 17, 37, 1, 14, 5, 8, 4, 13, 26, 25, 43, 18, 31, 7, 15, 39, 45, 44, 10, 11, 12, 19, 24, 36, 3, 33, 35, 38, 2, 29, 6, 23, 42, 16, 21, 32, 41, 22, 30, 28, 9]
사용한 3개 순위 패턴 10개: [(46, 46, 46), (4, 46, 46), (15, 17, 31), (13, 20, 37), (2, 10, 14), (8, 21, 23), (5, 7, 12), (5, 9, 17), (3, 46, 46), (6, 10, 20)]
예측 개수: 10


[693회차]
당첨번호: [1, 6, 11, 28, 34, 42], 보너스: 30
출현빈도 정렬: [40, 20, 27, 34, 14, 17, 37, 1, 5, 8, 4, 13, 26, 25, 43, 15, 18, 31, 7, 39, 45, 11, 44, 10, 12, 19, 24, 36, 3, 33, 35, 38, 2, 29, 6, 23, 42, 16, 21, 32, 41, 22, 30, 28, 9]
사용한 3개 순위 패턴 10개: [(46, 46, 46), (4, 46, 46), (15, 17, 31), (13, 20, 37), (2, 10, 14), (8, 21, 23), (5, 7, 12), (5, 9, 17), (3, 46, 46), (6, 10, 20)]
예측 개수: 10


[694회차]
당첨번호: [7, 15, 20, 25, 33, 43], 보너스: 12
출현빈도 정렬: [40, 20, 27, 34, 1, 14, 17, 37, 5, 8, 4, 13, 26, 25, 43, 15, 18, 31, 7, 39, 11, 45, 44, 10, 12, 19, 24, 36, 3, 33, 35, 38, 2, 6, 29, 42, 23, 16, 21, 32, 41, 22, 28, 30, 9]
사용한 3개 순위 패턴 10개: [(46, 46, 46), (4, 46, 46), (15, 17, 31), (13, 20, 37), (2, 10, 14), (8, 21, 23), (5, 7, 12), (5, 9, 17), (3, 46, 46), (6, 10, 20)]
예측 개수: 10


[695회차]
당첨번호: [4, 18, 26, 33, 34, 38], 보너스: 14
출현빈도 정렬: [40, 20, 27, 34, 1, 14, 17, 37, 5, 8, 4, 13, 25, 26, 43, 15, 7, 18, 31, 39, 11, 45, 44, 10, 12, 19, 24, 36, 3, 33, 35, 38, 2, 6, 29, 42, 23, 16, 21, 32, 41, 22, 28, 30, 9]
사용한 3개 순위 패턴 10개: [(46, 46, 46), (4, 46, 46), (15, 17, 31), (13, 20, 37), (2, 10, 14), (8, 21, 23), (5, 7, 12), (5, 9, 17), (3, 46, 46), (6, 10, 20)]
예측 개수: 10


[696회차]
당첨번호: [1, 7, 16, 18, 34, 38], 보너스: 21
출현빈도 정렬: [40, 20, 27, 34, 1, 14, 17, 37, 5, 4, 8, 26, 13, 25, 43, 15, 18, 7, 31, 39, 11, 45, 44, 10, 12, 19, 24, 33, 36, 3, 38, 35, 2, 6, 29, 42, 23, 16, 21, 32, 41, 22, 28, 30, 9]
사용한 3개 순위 패턴 10개: [(46, 46, 46), (4, 46, 46), (15, 17, 31), (13, 20, 37), (2, 10, 14), (8, 21, 23), (5, 7, 12), (5, 9, 17), (3, 46, 46), (6, 10, 20)]
예측 개수: 10


[697회차]
당첨번호: [2, 5, 8, 11, 33, 39], 보너스: 31
출현빈도 정렬: [40, 20, 27, 34, 1, 14, 17, 37, 5, 4, 8, 26, 13, 18, 25, 43, 7, 15, 31, 39, 11, 45, 44, 10, 12, 19, 24, 33, 36, 3, 38, 35, 2, 6, 29, 42, 23, 16, 21, 32, 41, 22, 28, 30, 9]
사용한 3개 순위 패턴 10개: [(46, 46, 46), (4, 46, 46), (15, 17, 31), (13, 20, 37), (2, 10, 14), (8, 21, 23), (5, 7, 12), (5, 9, 17), (3, 46, 46), (6, 10, 20)]
예측 개수: 10


[698회차]
당첨번호: [3, 11, 13, 21, 33, 37], 보너스: 18
출현빈도 정렬: [40, 20, 27, 34, 1, 14, 17, 37, 5, 8, 4, 26, 13, 18, 25, 43, 7, 15, 31, 39, 11, 45, 33, 44, 10, 12, 19, 24, 36, 3, 38, 2, 35, 6, 29, 42, 23, 16, 21, 32, 41, 22, 28, 30, 9]
사용한 3개 순위 패턴 10개: [(46, 46, 46), (4, 46, 46), (15, 17, 31), (13, 20, 37), (2, 10, 14), (8, 21, 23), (5, 7, 12), (5, 9, 17), (3, 46, 46), (6, 10, 20)]
예측 개수: 10


[699회차]
당첨번호: [4, 5, 8, 16, 21, 29], 보너스: 3
출현빈도 정렬: [40, 20, 27, 34, 1, 37, 14, 17, 5, 8, 4, 13, 26, 18, 25, 43, 7, 15, 11, 31, 39, 33, 45, 44, 3, 10, 12, 19, 24, 36, 38, 2, 35, 6, 29, 42, 23, 16, 21, 32, 41, 22, 28, 30, 9]
사용한 3개 순위 패턴 10개: [(46, 46, 46), (4, 46, 46), (15, 17, 31), (13, 20, 37), (2, 10, 14), (9, 20, 33), (8, 21, 23), (5, 7, 12), (5, 9, 17), (3, 46, 46)]
예측 개수: 10


[700회차]
당첨번호: [11, 23, 28, 29, 30, 44], 보너스: 13
출현빈도 정렬: [40, 20, 27, 34, 1, 37, 14, 17, 5, 8, 4, 13, 26, 18, 25, 43, 7, 15, 11, 31, 39, 33, 45, 44, 3, 10, 12, 19, 24, 36, 38, 2, 35, 29, 6, 42, 16, 21, 23, 32, 41, 22, 28, 30, 9]
사용한 3개 순위 패턴 10개: [(46, 46, 46), (4, 46, 46), (15, 17, 31), (8, 21, 23), (13, 20, 37), (2, 10, 14), (9, 20, 33), (5, 7, 12), (5, 9, 17), (3, 46, 46)]
예측 개수: 10
