[1001회차]
당첨번호: [6, 10, 12, 14, 20, 42], 보너스: 15
출현빈도 정렬: [34, 18, 27, 43, 13, 17, 39, 1, 12, 14, 40, 20, 33, 37, 4, 10, 45, 2, 21, 24, 31, 3, 11, 15, 36, 44, 19, 7, 26, 38, 42, 8, 16, 5, 25, 6, 28, 35, 41, 29, 23, 30, 22, 32, 9]
사용한 3개 순위 패턴 10개: [(46, 46, 46), (4, 46, 46), (15, 17, 31), (13, 20, 37), (6, 30, 33), (9, 20, 33), (8, 21, 23), (5, 7, 12), (3, 28, 36), (13, 26, 36)]
예측 개수: 10


[1002회차]
당첨번호: [17, 25, 33, 35, 38, 45], 보너스: 15
출현빈도 정렬: [34, 18, 27, 43, 13, 17, 39, 1, 12, 14, 40, 20, 10, 33, 37, 4, 45, 2, 21, 24, 31, 3, 11, 15, 36, 44, 19, 42, 7, 26, 38, 8, 16, 5, 25, 6, 28, 35, 41, 29, 23, 30, 22, 32, 9]
사용한 3개 순위 패턴 10개: [(46, 46, 46), (4, 46, 46), (15, 17, 31), (13, 20, 37), (6, 30, 33), (9, 20, 33), (8, 21, 23), (5, 7, 12), (3, 28, 36), (13, 26, 36)]
예측 개수: 10


[1003회차]
당첨번호: [1, 4, 29, 39, 43, 45], 보너스: 31
출현빈도 정렬: [34, 18, 27, 43, 13, 17, 39, 1, 12, 14, 40, 20, 33, 10, 37, 45, 4, 2, 21, 24, 31, 3, 11, 15, 36, 44, 19, 38, 42, 7, 26, 8, 16, 5, 25, 6, 35, 28, 41, 29, 23, 30, 22, 32, 9]
사용한 3개 순위 패턴 10개: [(46, 46, 46), (4, 46, 46), (15, 17, 31), (13, 20, 37), (6, 30, 33), (9, 20, 33), (8, 21, 23), (5, 7, 12), (3, 28, 36), (13, 26, 36)]
예측 개수: 10


[1004회차]
당첨번호: [7, 15, 30, 37, 39, 44], 보너스: 18
출현빈도 정렬: [34, 18, 43, 27, 13, 17, 39, 1, 12, 14, 40, 20, 33, 45, 4, 10, 37, 2, 21, 24, 31, 3, 11, 15, 36, 44, 19, 38, 42, 7, 26, 8, 16, 5, 25, 6, 35, 28, 29, 41, 23, 30, 22, 32, 9]
사용한 3개 순위 패턴 10개: [(46, 46, 46), (4, 46, 46), (15, 17, 31), (13, 20, 37), (6, 30, 33), (9, 20, 33), (8, 21, 23), (5, 7, 12), (3, 28, 36), (13, 26, 36)]
예측 개수: 10


[1005회차]
당첨번호: [8, 13, 18, 24, 27, 29], 보너스: 17
출현빈도 정렬: [34, 18, 43, 27, 39, 13, 17, 1, 12, 14, 40, 20, 33, 37, 45, 4, 10, 2, 15, 21, 24, 31, 44, 3, 11, 36, 7, 19, 38, 42, 26, 8, 16, 5, 25, 6, 35, 28, 29, 41, 23, 30, 22, 32, 9]
사용한 3개 순위 패턴 10개: [(46, 46, 46), (4, 46, 46), (15, 17, 31), (13, 20, 37), (6, 30, 33), (9, 20, 33), (8, 21, 23), (5, 7, 12), (3, 28, 36), (13, 26, 36)]
예측 개수: 10


[1006회차]
당첨번호: [8, 11, 15, 16, 17, 37], 보너스: 36
출현빈도 정렬: [34, 18, 27, 43, 13, 39, 17, 1, 12, 14, 40, 20, 33, 37, 45, 4, 10, 2, 24, 15, 21, 31, 44, 3, 11, 36, 7, 19, 38, 42, 8, 26, 16, 5, 25, 6, 35, 28, 29, 41, 23, 30, 22, 32, 9]
사용한 3개 순위 패턴 10개: [(46, 46, 46), (4, 46, 46), (15, 17, 31), (13, 20, 37), (6, 30, 33), (9, 20, 33), (8, 21, 23), (5, 7, 12), (3, 28, 36), (13, 26, 36)]
예측 개수: 10


[1007회차]
당첨번호: [8, 11, 16, 19, 21, 25], 보너스: 40
출현빈도 정렬: [34, 18, 27, 43, 13, 17, 39, 1, 12, 14, 37, 40, 20, 33, 45, 4, 10, 2, 15, 24, 11, 21, 31, 44, 3, 36, 7, 8, 19, 38, 42, 16, 26, 5, 25, 6, 35, 28, 29, 41, 23, 30, 22, 32, 9]
사용한 3개 순위 패턴 10개: [(46, 46, 46), (4, 46, 46), (15, 17, 31), (13, 20, 37), (6, 30, 33), (9, 20, 33), (8, 21, 23), (5, 7, 12), (3, 28, 36), (13, 26, 36)]
예측 개수: 10


[1008회차]
당첨번호: [9, 11, 30, 31, 41, 44], 보너스: 33
출현빈도 정렬: [34, 18, 27, 43, 13, 17, 39, 1, 12, 14, 37, 40, 20, 33, 45, 4, 10, 2, 11, 15, 21, 24, 31, 44, 3, 8, 19, 36, 7, 16, 38, 42, 26, 5, 25, 6, 35, 28, 29, 41, 23, 30, 22, 32, 9]
사용한 3개 순위 패턴 10개: [(46, 46, 46), (4, 46, 46), (15, 17, 31), (13, 20, 37), (6, 30, 33), (9, 20, 33), (8, 21, 23), (5, 7, 12), (3, 28, 36), (13, 26, 36)]
예측 개수: 10


[1009회차]
당첨번호: [15, 23, 29, 34, 40, 44], 보너스: 20
출현빈도 정렬: [34, 18, 27, 43, 13, 17, 39, 1, 12, 14, 37, 40, 20, 33, 45, 4, 10, 11, 2, 15, 21, 24, 31, 44, 3, 8, 19, 36, 7, 16, 38, 42, 26, 5, 25, 6, 35, 28, 29, 41, 30, 23, 22, 32, 9]
사용한 3개 순위 패턴 10개: [(46, 46, 46), (4, 46, 46), (15, 17, 31), (13, 20, 37), (6, 30, 33), (9, 20, 33), (8, 21, 23), (21, 29, 32), (5, 7, 12), (3, 28, 36)]
예측 개수: 10


[1010회차]
당첨번호: [9, 12, 15, 25, 34, 36], 보너스: 3
출현빈도 정렬: [34, 18, 27, 43, 13, 17, 39, 1, 12, 14, 40, 37, 20, 33, 45, 4, 10, 11, 15, 44, 2, 21, 24, 31, 3, 8, 19, 36, 7, 16, 38, 42, 26, 5, 25, 6, 29, 35, 28, 41, 23, 30, 22, 32, 9]
사용한 3개 순위 패턴 10개: [(46, 46, 46), (4, 46, 46), (15, 17, 31), (13, 20, 37), (6, 30, 33), (9, 20, 33), (8, 21, 23), (21, 29, 32), (5, 7, 12), (3, 28, 36)]
예측 개수: 10


[1011회차]
당첨번호: [1, 9, 12, 26, 35, 38], 보너스: 42
출현빈도 정렬: [34, 18, 27, 43, 13, 17, 39, 1, 12, 14, 40, 37, 20, 33, 45, 4, 10, 15, 11, 44, 2, 21, 24, 31, 36, 3, 8, 19, 7, 16, 38, 42, 26, 25, 5, 6, 29, 35, 28, 41, 23, 30, 22, 32, 9]
사용한 3개 순위 패턴 10개: [(46, 46, 46), (4, 46, 46), (15, 17, 31), (13, 20, 37), (6, 30, 33), (9, 20, 33), (8, 21, 23), (21, 29, 32), (5, 7, 12), (3, 28, 36)]
예측 개수: 10


[1012회차]
당첨번호: [5, 11, 18, 20, 35, 45], 보너스: 3
출현빈도 정렬: [34, 18, 27, 43, 13, 17, 39, 1, 12, 14, 40, 37, 20, 33, 45, 4, 10, 15, 11, 44, 2, 21, 24, 31, 36, 3, 8, 19, 38, 7, 16, 26, 42, 25, 5, 6, 35, 29, 28, 41, 23, 30, 22, 32, 9]
사용한 3개 순위 패턴 10개: [(46, 46, 46), (4, 46, 46), (15, 17, 31), (13, 20, 37), (6, 30, 33), (9, 20, 33), (8, 21, 23), (21, 29, 32), (5, 7, 12), (3, 28, 36)]
예측 개수: 10


[1013회차]
당첨번호: [21, 22, 26, 34, 36, 41], 보너스: 32
출현빈도 정렬: [34, 18, 27, 43, 13, 17, 39, 1, 12, 14, 40, 20, 37, 45, 33, 4, 10, 11, 15, 44, 2, 21, 24, 31, 36, 3, 8, 19, 38, 7, 16, 26, 42, 5, 25, 35, 6, 29, 28, 41, 23, 30, 22, 32, 9]
사용한 3개 순위 패턴 10개: [(46, 46, 46), (4, 46, 46), (15, 17, 31), (13, 20, 37), (6, 30, 33), (9, 20, 33), (8, 21, 23), (21, 29, 32), (5, 7, 12), (3, 28, 36)]
예측 개수: 10


[1014회차]
당첨번호: [3, 11, 14, 18, 26, 27], 보너스: 21
출현빈도 정렬: [34, 18, 27, 43, 13, 17, 39, 1, 12, 14, 40, 20, 37, 45, 33, 4, 10, 11, 15, 21, 44, 2, 24, 31, 36, 3, 8, 19, 26, 38, 7, 16, 42, 5, 25, 35, 6, 29, 41, 28, 23, 30, 22, 32, 9]
사용한 3개 순위 패턴 10개: [(46, 46, 46), (4, 46, 46), (15, 17, 31), (13, 20, 37), (6, 30, 33), (9, 20, 33), (8, 21, 23), (21, 29, 32), (5, 7, 12), (3, 28, 36)]
예측 개수: 10


[1015회차]
당첨번호: [14, 23, 31, 33, 37, 40], 보너스: 44
출현빈도 정렬: [34, 18, 27, 43, 13, 17, 39, 1, 12, 14, 40, 20, 37, 45, 33, 4, 10, 11, 15, 21, 44, 2, 24, 31, 36, 3, 26, 8, 19, 38, 7, 16, 42, 5, 25, 35, 6, 29, 41, 28, 23, 30, 22, 32, 9]
사용한 3개 순위 패턴 10개: [(46, 46, 46), (4, 46, 46), (15, 17, 31), (13, 20, 37), (6, 30, 33), (9, 20, 33), (8, 21, 23), (21, 29, 32), (5, 7, 12), (3, 28, 36)]
예측 개수: 10


[1016회차]
당첨번호: [15, 26, 28, 34, 41, 42], 보너스: 44
출현빈도 정렬: [34, 18, 27, 43, 13, 17, 39, 1, 12, 14, 40, 37, 20, 33, 45, 4, 10, 11, 15, 21, 31, 44, 2, 24, 36, 3, 26, 8, 19, 38, 7, 16, 42, 5, 25, 35, 6, 29, 41, 28, 23, 30, 22, 32, 9]
사용한 3개 순위 패턴 10개: [(46, 46, 46), (4, 46, 46), (15, 17, 31), (13, 20, 37), (6, 30, 33), (9, 20, 33), (8, 21, 23), (21, 29, 32), (5, 7, 12), (3, 28, 36)]
예측 개수: 10


[1017회차]
당첨번호: [12, 18, 22, 23, 30, 34], 보너스: 32
출현빈도 정렬: [34, 18, 27, 43, 13, 17, 39, 1, 12, 14, 40, 37, 20, 33, 45, 4, 10, 11, 15, 21, 31, 44, 2, 24, 26, 36, 3, 8, 19, 38, 42, 7, 16, 5, 25, 35, 6, 41, 28, 29, 23, 30, 22, 32, 9]
사용한 3개 순위 패턴 10개: [(46, 46, 46), (4, 46, 46), (15, 17, 31), (13, 20, 37), (6, 30, 33), (9, 20, 33), (8, 21, 23), (21, 29, 32), (5, 7, 12), (3, 28, 36)]
예측 개수: 10


[1018회차]
당첨번호: [3, 19, 21, 25, 37, 45], 보너스: 35
출현빈도 정렬: [34, 18, 27, 43, 12, 13, 17, 39, 1, 14, 40, 37, 20, 33, 45, 4, 10, 11, 15, 21, 31, 44, 2, 24, 26, 36, 3, 8, 19, 38, 42, 7, 16, 5, 25, 35, 6, 41, 28, 29, 23, 30, 22, 32, 9]
사용한 3개 순위 패턴 10개: [(46, 46, 46), (4, 46, 46), (15, 17, 31), (13, 20, 37), (6, 30, 33), (9, 20, 33), (8, 21, 23), (21, 29, 32), (5, 7, 12), (3, 28, 36)]
예측 개수: 10


[1019회차]
당첨번호: [1, 4, 13, 17, 34, 39], 보너스: 6
출현빈도 정렬: [34, 18, 27, 43, 12, 13, 17, 39, 1, 14, 37, 40, 45, 20, 33, 4, 10, 11, 15, 21, 31, 44, 2, 3, 24, 26, 36, 19, 8, 38, 42, 7, 16, 25, 5, 35, 6, 41, 28, 29, 23, 30, 22, 32, 9]
사용한 3개 순위 패턴 10개: [(46, 46, 46), (4, 46, 46), (15, 17, 31), (13, 20, 37), (6, 30, 33), (9, 20, 33), (8, 21, 23), (21, 29, 32), (5, 7, 12), (3, 28, 36)]
예측 개수: 10


[1020회차]
당첨번호: [12, 27, 29, 38, 41, 45], 보너스: 6
출현빈도 정렬: [34, 18, 27, 13, 17, 39, 43, 1, 12, 14, 37, 40, 45, 20, 33, 4, 10, 11, 15, 21, 31, 44, 2, 3, 24, 26, 36, 19, 8, 38, 42, 7, 16, 25, 5, 35, 6, 41, 28, 29, 23, 30, 22, 32, 9]
사용한 3개 순위 패턴 10개: [(46, 46, 46), (4, 46, 46), (15, 17, 31), (13, 20, 37), (6, 30, 33), (9, 20, 33), (8, 21, 23), (21, 29, 32), (5, 7, 12), (3, 28, 36)]
예측 개수: 10


[1021회차]
당첨번호: [12, 15, 17, 24, 29, 45], 보너스: 16
출현빈도 정렬: [34, 18, 27, 12, 13, 17, 39, 43, 1, 14, 37, 40, 45, 20, 33, 4, 10, 11, 15, 21, 31, 44, 2, 3, 24, 26, 36, 19, 38, 8, 42, 7, 16, 25, 5, 35, 41, 6, 29, 28, 23, 30, 22, 32, 9]
사용한 3개 순위 패턴 10개: [(46, 46, 46), (4, 46, 46), (15, 17, 31), (13, 20, 37), (6, 30, 33), (9, 20, 33), (8, 21, 23), (21, 29, 32), (5, 7, 12), (3, 28, 36)]
예측 개수: 10


[1022회차]
당첨번호: [5, 6, 11, 29, 42, 45], 보너스: 28
출현빈도 정렬: [34, 18, 27, 12, 17, 13, 39, 43, 1, 14, 45, 37, 40, 20, 33, 4, 15, 10, 11, 21, 24, 31, 44, 2, 3, 26, 36, 19, 38, 8, 42, 7, 16, 25, 5, 29, 35, 41, 6, 28, 23, 30, 22, 32, 9]
사용한 3개 순위 패턴 10개: [(46, 46, 46), (4, 46, 46), (15, 17, 31), (13, 20, 37), (6, 30, 33), (9, 20, 33), (8, 21, 23), (21, 29, 32), (5, 7, 12), (3, 28, 36)]
예측 개수: 10


[1023회차]
당첨번호: [10, 14, 16, 18, 29, 35], 보너스: 25
출현빈도 정렬: [34, 18, 27, 12, 17, 13, 39, 43, 1, 45, 14, 37, 40, 20, 33, 4, 11, 15, 10, 21, 24, 31, 44, 2, 3, 26, 36, 19, 38, 42, 8, 7, 16, 5, 25, 29, 6, 35, 41, 28, 23, 30, 22, 32, 9]
사용한 3개 순위 패턴 10개: [(46, 46, 46), (4, 46, 46), (15, 17, 31), (13, 20, 37), (6, 30, 33), (9, 20, 33), (8, 21, 23), (21, 29, 32), (5, 7, 12), (3, 28, 36)]
예측 개수: 10


[1024회차]
당첨번호: [9, 18, 20, 22, 38, 44], 보너스: 10
출현빈도 정렬: [34, 18, 27, 12, 17, 13, 39, 43, 1, 14, 45, 37, 40, 20, 33, 4, 10, 11, 15, 21, 24, 31, 44, 2, 3, 26, 36, 19, 38, 42, 8, 16, 7, 5, 25, 29, 35, 6, 41, 28, 23, 30, 22, 32, 9]
사용한 3개 순위 패턴 10개: [(46, 46, 46), (4, 46, 46), (15, 17, 31), (13, 20, 37), (6, 30, 33), (9, 20, 33), (8, 21, 23), (21, 29, 32), (5, 7, 12), (3, 28, 36)]
예측 개수: 10


[1025회차]
당첨번호: [8, 9, 20, 25, 29, 33], 보너스: 7
출현빈도 정렬: [34, 18, 27, 12, 17, 13, 39, 43, 1, 14, 45, 37, 40, 20, 33, 4, 10, 11, 15, 21, 44, 24, 31, 2, 3, 26, 36, 38, 19, 42, 8, 16, 7, 5, 25, 29, 35, 6, 41, 28, 23, 30, 22, 32, 9]
사용한 3개 순위 패턴 10개: [(46, 46, 46), (4, 46, 46), (15, 17, 31), (13, 20, 37), (6, 30, 33), (9, 20, 33), (8, 21, 23), (21, 29, 32), (5, 7, 12), (3, 28, 36)]
예측 개수: 10


[1026회차]
당첨번호: [5, 12, 13, 31, 32, 41], 보너스: 34
출현빈도 정렬: [34, 18, 27, 12, 17, 13, 39, 43, 1, 14, 45, 20, 37, 40, 33, 4, 10, 11, 15, 21, 44, 24, 31, 2, 3, 26, 36, 38, 8, 19, 42, 16, 7, 25, 5, 29, 35, 6, 41, 28, 23, 30, 22, 32, 9]
사용한 3개 순위 패턴 10개: [(46, 46, 46), (4, 46, 46), (15, 17, 31), (13, 20, 37), (6, 30, 33), (9, 20, 33), (8, 21, 23), (21, 29, 32), (5, 7, 12), (3, 28, 36)]
예측 개수: 10


[1027회차]
당첨번호: [14, 16, 27, 35, 39, 45], 보너스: 5
출현빈도 정렬: [34, 18, 12, 27, 13, 17, 39, 43, 1, 14, 45, 20, 37, 40, 33, 4, 10, 11, 15, 21, 31, 44, 24, 2, 3, 26, 36, 38, 8, 19, 42, 16, 5, 7, 25, 29, 35, 41, 6, 28, 23, 30, 22, 32, 9]
사용한 3개 순위 패턴 10개: [(46, 46, 46), (4, 46, 46), (15, 17, 31), (13, 20, 37), (6, 30, 33), (9, 20, 33), (8, 21, 23), (21, 29, 32), (5, 7, 12), (3, 28, 36)]
예측 개수: 10


[1028회차]
당첨번호: [5, 7, 12, 13, 18, 35], 보너스: 23
출현빈도 정렬: [34, 18, 27, 12, 13, 17, 39, 14, 43, 45, 1, 20, 37, 40, 33, 4, 10, 11, 15, 21, 31, 44, 24, 2, 3, 26, 36, 38, 8, 16, 19, 42, 5, 7, 25, 29, 35, 41, 6, 28, 23, 30, 22, 32, 9]
사용한 3개 순위 패턴 10개: [(46, 46, 46), (4, 46, 46), (15, 17, 31), (13, 20, 37), (6, 30, 33), (9, 20, 33), (8, 21, 23), (21, 29, 32), (5, 7, 12), (3, 28, 36)]
예측 개수: 10


[1029회차]
당첨번호: [12, 30, 32, 37, 39, 41], 보너스: 24
출현빈도 정렬: [34, 18, 12, 27, 13, 17, 39, 14, 43, 45, 1, 20, 37, 40, 33, 4, 10, 11, 15, 21, 31, 44, 24, 2, 3, 26, 36, 38, 8, 16, 19, 42, 5, 7, 25, 29, 35, 41, 6, 28, 23, 30, 22, 32, 9]
사용한 3개 순위 패턴 10개: [(46, 46, 46), (4, 46, 46), (15, 17, 31), (13, 20, 37), (6, 30, 33), (9, 20, 33), (8, 21, 23), (21, 29, 32), (5, 7, 12), (3, 28, 36)]
예측 개수: 10


[1030회차]
당첨번호: [2, 5, 11, 17, 24, 29], 보너스: 9
출현빈도 정렬: [34, 18, 12, 27, 13, 39, 17, 14, 43, 45, 1, 37, 20, 40, 33, 4, 10, 11, 15, 21, 31, 44, 24, 2, 3, 26, 36, 38, 8, 16, 19, 42, 5, 7, 25, 29, 35, 41, 6, 28, 23, 30, 22, 32, 9]
사용한 3개 순위 패턴 10개: [(46, 46, 46), (4, 46, 46), (15, 17, 31), (13, 20, 37), (6, 30, 33), (9, 20, 33), (8, 21, 23), (21, 29, 32), (5, 7, 12), (3, 28, 36)]
예측 개수: 10


[1031회차]
당첨번호: [6, 7, 22, 32, 35, 36], 보너스: 19
출현빈도 정렬: [34, 18, 12, 27, 13, 17, 39, 14, 43, 45, 1, 37, 20, 40, 33, 11, 4, 10, 15, 21, 24, 31, 44, 2, 3, 26, 36, 38, 5, 8, 16, 19, 42, 7, 25, 29, 35, 41, 6, 28, 23, 30, 22, 32, 9]
사용한 3개 순위 패턴 10개: [(46, 46, 46), (4, 46, 46), (15, 17, 31), (13, 20, 37), (6, 30, 33), (9, 20, 33), (8, 21, 23), (21, 29, 32), (5, 7, 12), (3, 28, 36)]
예측 개수: 10


[1032회차]
당첨번호: [1, 6, 12, 19, 36, 42], 보너스: 28
출현빈도 정렬: [34, 18, 12, 27, 13, 17, 39, 14, 43, 45, 1, 37, 20, 40, 33, 11, 4, 10, 15, 21, 24, 31, 44, 2, 36, 3, 26, 38, 5, 7, 8, 16, 19, 42, 25, 29, 35, 41, 6, 28, 23, 30, 22, 32, 9]
사용한 3개 순위 패턴 10개: [(46, 46, 46), (4, 46, 46), (15, 17, 31), (13, 20, 37), (6, 30, 33), (9, 20, 33), (8, 21, 23), (21, 29, 32), (5, 7, 12), (3, 28, 36)]
예측 개수: 10


[1033회차]
당첨번호: [3, 11, 15, 20, 35, 44], 보너스: 10
출현빈도 정렬: [34, 18, 12, 27, 13, 17, 39, 1, 14, 43, 45, 37, 20, 40, 33, 11, 4, 10, 15, 21, 24, 31, 36, 44, 2, 3, 19, 26, 38, 42, 5, 7, 8, 16, 25, 29, 35, 6, 41, 28, 23, 30, 22, 32, 9]
사용한 3개 순위 패턴 10개: [(46, 46, 46), (4, 46, 46), (15, 17, 31), (13, 20, 37), (6, 30, 33), (9, 20, 33), (8, 21, 23), (21, 29, 32), (5, 7, 12), (3, 28, 36)]
예측 개수: 10


[1034회차]
당첨번호: [26, 31, 32, 33, 38, 40], 보너스: 11
출현빈도 정렬: [34, 18, 12, 27, 13, 17, 39, 1, 14, 43, 45, 20, 37, 40, 11, 33, 15, 4, 10, 44, 21, 24, 31, 36, 2, 3, 19, 26, 38, 42, 5, 7, 8, 16, 25, 35, 29, 6, 41, 28, 23, 30, 22, 32, 9]
사용한 3개 순위 패턴 10개: [(46, 46, 46), (4, 46, 46), (15, 17, 31), (13, 20, 37), (6, 30, 33), (9, 20, 33), (8, 21, 23), (21, 29, 32), (5, 7, 12), (3, 28, 36)]
예측 개수: 10


[1035회차]
당첨번호: [9, 14, 34, 35, 41, 42], 보너스: 2
출현빈도 정렬: [34, 18, 12, 27, 13, 17, 39, 1, 14, 43, 45, 20, 37, 40, 33, 11, 15, 4, 10, 31, 44, 21, 24, 36, 2, 3, 26, 38, 19, 42, 5, 7, 8, 16, 25, 35, 29, 6, 41, 28, 23, 30, 22, 32, 9]
사용한 3개 순위 패턴 10개: [(46, 46, 46), (4, 46, 46), (15, 17, 31), (13, 20, 37), (6, 30, 33), (9, 20, 33), (8, 21, 23), (21, 29, 32), (5, 7, 12), (3, 28, 36)]
예측 개수: 10


[1036회차]
당첨번호: [2, 5, 22, 32, 34, 45], 보너스: 39
출현빈도 정렬: [34, 18, 12, 27, 13, 17, 39, 14, 1, 43, 45, 20, 37, 40, 33, 11, 15, 4, 10, 31, 44, 21, 24, 36, 2, 3, 26, 38, 42, 19, 5, 7, 8, 16, 25, 35, 29, 41, 6, 28, 23, 30, 22, 32, 9]
사용한 3개 순위 패턴 10개: [(46, 46, 46), (4, 46, 46), (15, 17, 31), (13, 20, 37), (6, 30, 33), (9, 20, 33), (8, 21, 23), (21, 29, 32), (5, 7, 12), (3, 28, 36)]
예측 개수: 10


[1037회차]
당첨번호: [2, 14, 15, 22, 27, 33], 보너스: 31
출현빈도 정렬: [34, 18, 12, 27, 13, 17, 39, 14, 45, 1, 43, 20, 37, 40, 33, 11, 15, 4, 10, 31, 44, 2, 21, 24, 36, 3, 26, 38, 42, 5, 19, 7, 8, 16, 25, 35, 29, 41, 6, 28, 23, 30, 22, 32, 9]
사용한 3개 순위 패턴 10개: [(46, 46, 46), (4, 46, 46), (15, 17, 31), (13, 20, 37), (6, 30, 33), (9, 20, 33), (8, 21, 23), (21, 29, 32), (5, 7, 12), (3, 28, 36)]
예측 개수: 10


[1038회차]
당첨번호: [7, 16, 24, 27, 37, 44], 보너스: 2
출현빈도 정렬: [34, 18, 12, 27, 13, 14, 17, 39, 45, 1, 43, 20, 33, 37, 40, 11, 15, 4, 10, 2, 31, 44, 21, 24, 36, 3, 26, 38, 42, 5, 19, 7, 8, 16, 25, 35, 29, 41, 6, 28, 23, 30, 22, 32, 9]
사용한 3개 순위 패턴 10개: [(46, 46, 46), (4, 46, 46), (15, 17, 31), (13, 20, 37), (6, 30, 33), (9, 20, 33), (11, 25, 44), (8, 21, 23), (21, 29, 32), (5, 7, 12)]
예측 개수: 10


[1039회차]
당첨번호: [2, 3, 6, 19, 36, 39], 보너스: 26
출현빈도 정렬: [34, 18, 12, 27, 13, 14, 17, 39, 45, 1, 43, 37, 20, 33, 40, 11, 15, 4, 10, 44, 2, 24, 31, 21, 36, 3, 26, 38, 42, 5, 7, 16, 19, 8, 25, 35, 29, 41, 6, 28, 23, 30, 22, 32, 9]
사용한 3개 순위 패턴 10개: [(46, 46, 46), (4, 46, 46), (15, 17, 31), (13, 20, 37), (6, 30, 33), (9, 20, 33), (11, 25, 44), (8, 21, 23), (21, 29, 32), (5, 7, 12)]
예측 개수: 10


[1040회차]
당첨번호: [8, 16, 26, 29, 31, 36], 보너스: 11
출현빈도 정렬: [34, 18, 12, 27, 39, 13, 14, 17, 45, 1, 43, 37, 20, 33, 40, 11, 15, 2, 4, 10, 44, 24, 31, 36, 3, 21, 19, 26, 38, 42, 5, 7, 16, 8, 25, 35, 29, 6, 41, 28, 23, 30, 22, 32, 9]
사용한 3개 순위 패턴 10개: [(46, 46, 46), (4, 46, 46), (15, 17, 31), (13, 20, 37), (6, 30, 33), (9, 20, 33), (11, 25, 44), (8, 21, 23), (21, 29, 32), (5, 7, 12)]
예측 개수: 10


[1041회차]
당첨번호: [6, 7, 9, 11, 17, 18], 보너스: 45
출현빈도 정렬: [34, 18, 12, 27, 39, 13, 14, 17, 45, 1, 43, 37, 20, 33, 40, 11, 15, 2, 4, 10, 31, 36, 44, 24, 3, 21, 26, 16, 19, 38, 42, 5, 7, 8, 25, 35, 29, 6, 41, 28, 23, 30, 22, 32, 9]
사용한 3개 순위 패턴 10개: [(46, 46, 46), (4, 46, 46), (15, 17, 31), (13, 20, 37), (6, 30, 33), (9, 20, 33), (11, 25, 44), (8, 21, 23), (21, 29, 32), (5, 7, 12)]
예측 개수: 10


[1042회차]
당첨번호: [5, 14, 15, 23, 34, 43], 보너스: 4
출현빈도 정렬: [34, 18, 12, 27, 17, 39, 13, 14, 45, 1, 43, 37, 20, 33, 40, 11, 15, 2, 4, 10, 31, 36, 44, 24, 3, 21, 26, 7, 16, 19, 38, 42, 5, 8, 25, 35, 29, 6, 41, 28, 23, 30, 22, 32, 9]
사용한 3개 순위 패턴 10개: [(46, 46, 46), (4, 46, 46), (15, 17, 31), (13, 20, 37), (6, 30, 33), (9, 20, 33), (11, 25, 44), (8, 21, 23), (21, 29, 32), (5, 7, 12)]
예측 개수: 10


[1043회차]
당첨번호: [3, 5, 12, 22, 26, 31], 보너스: 19
출현빈도 정렬: [34, 18, 12, 27, 14, 17, 39, 13, 43, 45, 1, 37, 20, 33, 40, 11, 15, 2, 4, 10, 31, 36, 44, 24, 3, 21, 26, 5, 7, 16, 19, 38, 42, 8, 25, 35, 29, 6, 41, 23, 28, 30, 22, 32, 9]
사용한 3개 순위 패턴 10개: [(46, 46, 46), (4, 46, 46), (15, 17, 31), (13, 20, 37), (6, 30, 33), (9, 20, 33), (11, 25, 44), (8, 21, 23), (21, 29, 32), (5, 7, 12)]
예측 개수: 10


[1044회차]
당첨번호: [12, 17, 20, 26, 28, 36], 보너스: 4
출현빈도 정렬: [34, 18, 12, 27, 14, 17, 39, 13, 43, 45, 1, 37, 20, 33, 40, 11, 15, 31, 2, 4, 10, 36, 44, 3, 24, 26, 5, 21, 7, 16, 19, 38, 42, 8, 25, 35, 29, 6, 41, 23, 28, 30, 22, 32, 9]
사용한 3개 순위 패턴 10개: [(46, 46, 46), (4, 46, 46), (15, 17, 31), (13, 20, 37), (6, 30, 33), (9, 20, 33), (11, 25, 44), (8, 21, 23), (21, 29, 32), (5, 7, 12)]
예측 개수: 10


[1045회차]
당첨번호: [6, 14, 15, 19, 21, 41], 보너스: 37
출현빈도 정렬: [34, 18, 12, 27, 17, 14, 39, 13, 43, 45, 1, 20, 37, 33, 40, 11, 15, 31, 36, 2, 4, 10, 26, 44, 3, 24, 5, 21, 7, 16, 19, 38, 42, 8, 25, 35, 29, 6, 41, 28, 23, 30, 22, 32, 9]
사용한 3개 순위 패턴 10개: [(46, 46, 46), (4, 46, 46), (15, 17, 31), (13, 20, 37), (6, 30, 33), (9, 20, 33), (11, 25, 44), (8, 21, 23), (21, 29, 32), (5, 7, 12)]
예측 개수: 10


[1046회차]
당첨번호: [7, 16, 25, 29, 35, 36], 보너스: 28
출현빈도 정렬: [34, 18, 12, 27, 14, 17, 39, 13, 43, 45, 1, 20, 37, 15, 33, 40, 11, 31, 36, 2, 4, 10, 26, 44, 3, 21, 24, 5, 19, 7, 16, 38, 42, 8, 25, 35, 6, 29, 41, 28, 23, 30, 22, 32, 9]
사용한 3개 순위 패턴 10개: [(46, 46, 46), (4, 46, 46), (15, 17, 31), (13, 20, 37), (6, 30, 33), (9, 20, 33), (11, 25, 44), (8, 21, 23), (21, 29, 32), (5, 7, 12)]
예측 개수: 10


[1047회차]
당첨번호: [2, 20, 33, 40, 42, 44], 보너스: 32
출현빈도 정렬: [34, 18, 12, 27, 14, 17, 39, 13, 43, 45, 1, 20, 37, 15, 33, 40, 11, 36, 31, 2, 4, 10, 26, 44, 3, 21, 24, 5, 7, 16, 19, 38, 42, 8, 25, 35, 29, 6, 41, 28, 23, 30, 22, 32, 9]
사용한 3개 순위 패턴 10개: [(46, 46, 46), (4, 46, 46), (15, 17, 31), (13, 20, 37), (6, 30, 33), (9, 20, 33), (11, 25, 44), (8, 21, 23), (21, 29, 32), (5, 7, 12)]
예측 개수: 10


[1048회차]
당첨번호: [6, 12, 17, 21, 32, 39], 보너스: 30
출현빈도 정렬: [34, 18, 12, 27, 14, 17, 39, 13, 43, 45, 1, 20, 33, 37, 40, 15, 11, 36, 2, 31, 44, 4, 10, 26, 3, 21, 24, 5, 7, 16, 19, 42, 38, 8, 25, 35, 29, 6, 41, 28, 23, 30, 22, 32, 9]
사용한 3개 순위 패턴 10개: [(46, 46, 46), (4, 46, 46), (15, 17, 31), (13, 20, 37), (6, 30, 33), (9, 20, 33), (11, 25, 44), (8, 21, 23), (21, 29, 32), (5, 7, 12)]
예측 개수: 10


[1049회차]
당첨번호: [3, 5, 13, 20, 21, 37], 보너스: 17
출현빈도 정렬: [34, 18, 12, 17, 27, 14, 39, 13, 43, 45, 1, 20, 33, 37, 40, 15, 11, 36, 2, 31, 44, 4, 10, 21, 26, 3, 24, 5, 7, 16, 19, 42, 38, 8, 25, 35, 6, 29, 41, 28, 23, 30, 22, 32, 9]
사용한 3개 순위 패턴 10개: [(46, 46, 46), (4, 46, 46), (15, 17, 31), (13, 20, 37), (6, 30, 33), (9, 20, 33), (11, 25, 44), (8, 21, 23), (21, 29, 32), (5, 7, 12)]
예측 개수: 10


[1050회차]
당첨번호: [6, 12, 31, 35, 38, 43], 보너스: 17
출현빈도 정렬: [34, 18, 12, 17, 27, 14, 39, 13, 20, 43, 45, 1, 37, 33, 40, 15, 11, 36, 2, 21, 31, 44, 3, 4, 10, 26, 5, 24, 7, 16, 19, 42, 38, 8, 25, 35, 6, 29, 41, 28, 23, 30, 22, 32, 9]
사용한 3개 순위 패턴 10개: [(46, 46, 46), (4, 46, 46), (15, 17, 31), (13, 20, 37), (3, 6, 26), (6, 30, 33), (9, 20, 33), (11, 25, 44), (8, 21, 23), (21, 29, 32)]
예측 개수: 10


[1051회차]
당첨번호: [21, 26, 30, 32, 33, 35], 보너스: 44
출현빈도 정렬: [34, 12, 18, 17, 27, 14, 39, 13, 43, 20, 45, 1, 37, 33, 40, 15, 11, 31, 36, 2, 21, 44, 3, 4, 10, 26, 5, 24, 7, 16, 19, 38, 42, 8, 35, 6, 25, 29, 41, 28, 23, 30, 22, 32, 9]
사용한 3개 순위 패턴 10개: [(46, 46, 46), (4, 46, 46), (15, 17, 31), (13, 20, 37), (3, 6, 26), (6, 30, 33), (9, 20, 33), (11, 25, 44), (8, 21, 23), (21, 29, 32)]
예측 개수: 10


[1052회차]
당첨번호: [5, 17, 26, 27, 35, 38], 보너스: 1
출현빈도 정렬: [34, 12, 18, 17, 27, 14, 39, 13, 43, 20, 45, 1, 33, 37, 40, 15, 11, 21, 31, 36, 2, 26, 44, 3, 4, 10, 5, 24, 7, 16, 19, 38, 42, 8, 35, 6, 25, 29, 41, 28, 23, 30, 22, 32, 9]
사용한 3개 순위 패턴 10개: [(46, 46, 46), (4, 46, 46), (15, 17, 31), (13, 20, 37), (3, 6, 26), (6, 30, 33), (9, 20, 33), (11, 25, 44), (8, 21, 23), (21, 29, 32)]
예측 개수: 10


[1053회차]
당첨번호: [22, 26, 29, 30, 34, 45], 보너스: 15
출현빈도 정렬: [34, 12, 18, 17, 27, 14, 39, 13, 43, 20, 45, 1, 33, 37, 40, 15, 11, 21, 26, 31, 36, 2, 44, 3, 4, 5, 10, 24, 38, 7, 16, 19, 42, 35, 8, 6, 25, 29, 41, 28, 23, 30, 22, 32, 9]
사용한 3개 순위 패턴 10개: [(46, 46, 46), (4, 46, 46), (15, 17, 31), (13, 20, 37), (3, 6, 26), (6, 30, 33), (9, 20, 33), (11, 25, 44), (8, 21, 23), (21, 29, 32)]
예측 개수: 10


[1054회차]
당첨번호: [14, 19, 27, 28, 30, 45], 보너스: 33
출현빈도 정렬: [34, 12, 18, 17, 27, 14, 39, 13, 43, 45, 20, 1, 33, 37, 40, 15, 11, 26, 21, 31, 36, 2, 44, 3, 4, 5, 10, 24, 38, 7, 16, 19, 42, 35, 8, 6, 25, 29, 41, 28, 30, 23, 22, 32, 9]
사용한 3개 순위 패턴 10개: [(46, 46, 46), (4, 46, 46), (15, 17, 31), (13, 20, 37), (3, 6, 26), (6, 30, 33), (9, 20, 33), (11, 25, 44), (8, 21, 23), (21, 29, 32)]
예측 개수: 10


[1055회차]
당첨번호: [4, 7, 12, 14, 22, 33], 보너스: 31
출현빈도 정렬: [34, 12, 18, 27, 17, 14, 39, 13, 45, 43, 20, 1, 33, 37, 40, 15, 11, 26, 21, 31, 36, 2, 44, 3, 4, 5, 10, 19, 24, 38, 7, 16, 42, 35, 8, 6, 25, 29, 41, 28, 30, 23, 22, 32, 9]
사용한 3개 순위 패턴 10개: [(46, 46, 46), (4, 46, 46), (15, 17, 31), (13, 20, 37), (3, 6, 26), (6, 30, 33), (9, 20, 33), (11, 25, 44), (8, 21, 23), (21, 29, 32)]
예측 개수: 10


[1056회차]
당첨번호: [13, 20, 24, 32, 36, 45], 보너스: 29
출현빈도 정렬: [34, 12, 18, 27, 14, 17, 39, 13, 45, 43, 20, 33, 1, 37, 40, 15, 11, 26, 21, 31, 36, 2, 4, 44, 3, 5, 10, 7, 19, 24, 38, 16, 42, 35, 8, 6, 25, 29, 41, 28, 30, 23, 22, 32, 9]
사용한 3개 순위 패턴 10개: [(46, 46, 46), (4, 46, 46), (15, 17, 31), (13, 20, 37), (3, 6, 26), (6, 30, 33), (9, 20, 33), (11, 25, 44), (8, 21, 23), (21, 29, 32)]
예측 개수: 10


[1057회차]
당첨번호: [8, 13, 19, 27, 40, 45], 보너스: 12
출현빈도 정렬: [34, 12, 18, 27, 14, 17, 13, 39, 45, 20, 43, 33, 1, 37, 40, 15, 11, 26, 36, 21, 31, 2, 4, 44, 3, 5, 10, 24, 7, 19, 38, 16, 42, 35, 8, 6, 25, 29, 41, 28, 30, 23, 22, 32, 9]
사용한 3개 순위 패턴 10개: [(46, 46, 46), (4, 46, 46), (15, 17, 31), (13, 20, 37), (3, 6, 26), (6, 30, 33), (9, 20, 33), (11, 25, 44), (8, 21, 23), (21, 29, 32)]
예측 개수: 10


[1058회차]
당첨번호: [11, 23, 25, 30, 32, 40], 보너스: 42
출현빈도 정렬: [34, 12, 18, 27, 14, 17, 13, 45, 39, 20, 43, 33, 1, 37, 40, 15, 11, 26, 36, 21, 31, 2, 4, 44, 3, 5, 10, 19, 24, 7, 38, 16, 42, 8, 35, 6, 25, 29, 41, 28, 30, 23, 22, 32, 9]
사용한 3개 순위 패턴 10개: [(46, 46, 46), (4, 46, 46), (15, 17, 31), (13, 20, 37), (3, 6, 26), (6, 30, 33), (9, 20, 33), (11, 25, 44), (8, 21, 23), (21, 29, 32)]
예측 개수: 10


[1059회차]
당첨번호: [7, 10, 22, 25, 34, 40], 보너스: 27
출현빈도 정렬: [34, 12, 18, 27, 14, 17, 13, 45, 39, 20, 43, 33, 40, 1, 37, 11, 15, 26, 36, 21, 31, 2, 4, 44, 3, 5, 10, 19, 24, 7, 38, 16, 42, 8, 35, 25, 6, 29, 41, 30, 28, 23, 22, 32, 9]
사용한 3개 순위 패턴 10개: [(46, 46, 46), (4, 46, 46), (15, 17, 31), (13, 20, 37), (3, 6, 26), (6, 30, 33), (9, 20, 33), (11, 25, 44), (8, 21, 23), (21, 29, 32)]
예측 개수: 10


[1060회차]
당첨번호: [3, 10, 24, 33, 38, 45], 보너스: 36
출현빈도 정렬: [34, 12, 18, 27, 14, 17, 13, 45, 39, 20, 40, 43, 33, 1, 37, 11, 15, 26, 36, 21, 31, 2, 4, 10, 44, 3, 5, 7, 19, 24, 38, 16, 42, 8, 35, 25, 6, 29, 41, 30, 28, 23, 22, 32, 9]
사용한 3개 순위 패턴 10개: [(46, 46, 46), (4, 46, 46), (15, 17, 31), (13, 20, 37), (3, 6, 26), (6, 30, 33), (9, 20, 33), (11, 25, 44), (8, 21, 23), (21, 29, 32)]
예측 개수: 10


[1061회차]
당첨번호: [4, 24, 27, 35, 37, 45], 보너스: 15
출현빈도 정렬: [34, 12, 18, 27, 14, 17, 45, 13, 39, 20, 33, 40, 43, 1, 37, 11, 15, 26, 36, 10, 21, 31, 2, 3, 4, 24, 44, 5, 7, 19, 38, 16, 42, 8, 35, 25, 6, 29, 41, 30, 28, 23, 22, 32, 9]
사용한 3개 순위 패턴 10개: [(46, 46, 46), (4, 46, 46), (15, 17, 31), (13, 20, 37), (3, 6, 26), (6, 30, 33), (9, 20, 33), (11, 25, 44), (8, 21, 23), (21, 29, 32)]
예측 개수: 10


[1062회차]
당첨번호: [20, 31, 32, 40, 41, 45], 보너스: 12
출현빈도 정렬: [34, 12, 18, 27, 45, 14, 17, 13, 39, 20, 33, 40, 43, 37, 1, 11, 15, 26, 36, 4, 10, 21, 24, 31, 2, 3, 44, 5, 7, 19, 38, 16, 35, 42, 8, 25, 6, 29, 41, 30, 28, 23, 22, 32, 9]
사용한 3개 순위 패턴 10개: [(46, 46, 46), (4, 46, 46), (15, 17, 31), (13, 20, 37), (3, 6, 26), (6, 30, 33), (9, 20, 33), (11, 25, 44), (8, 21, 23), (21, 29, 32)]
예측 개수: 10


[1063회차]
당첨번호: [3, 6, 22, 23, 24, 38], 보너스: 30
출현빈도 정렬: [34, 12, 18, 27, 45, 14, 17, 13, 39, 20, 40, 33, 43, 37, 1, 11, 15, 26, 31, 36, 4, 10, 21, 24, 2, 3, 44, 5, 7, 19, 38, 16, 35, 42, 8, 25, 6, 29, 41, 30, 28, 23, 22, 32, 9]
사용한 3개 순위 패턴 10개: [(46, 46, 46), (4, 46, 46), (15, 17, 31), (13, 20, 37), (3, 6, 26), (6, 30, 33), (9, 20, 33), (11, 25, 44), (8, 21, 23), (21, 29, 32)]
예측 개수: 10


[1064회차]
당첨번호: [3, 6, 9, 18, 22, 35], 보너스: 14
출현빈도 정렬: [34, 12, 18, 27, 45, 14, 17, 13, 39, 20, 40, 33, 43, 37, 1, 11, 15, 24, 26, 31, 36, 3, 4, 10, 21, 2, 38, 44, 5, 7, 19, 16, 35, 42, 8, 25, 6, 29, 41, 30, 23, 28, 22, 32, 9]
사용한 3개 순위 패턴 10개: [(46, 46, 46), (4, 46, 46), (15, 17, 31), (13, 20, 37), (3, 6, 26), (6, 30, 33), (9, 20, 33), (11, 25, 44), (8, 21, 23), (21, 29, 32)]
예측 개수: 10


[1065회차]
당첨번호: [3, 18, 19, 23, 32, 45], 보너스: 24
출현빈도 정렬: [34, 12, 18, 27, 45, 14, 17, 13, 39, 20, 40, 33, 43, 37, 1, 11, 15, 3, 24, 26, 31, 36, 4, 10, 21, 2, 38, 44, 5, 7, 19, 35, 16, 42, 8, 6, 25, 29, 41, 30, 23, 28, 22, 32, 9]
사용한 3개 순위 패턴 10개: [(46, 46, 46), (4, 46, 46), (15, 17, 31), (13, 20, 37), (3, 6, 26), (6, 30, 33), (9, 20, 33), (11, 25, 44), (8, 21, 23), (21, 29, 32)]
예측 개수: 10


[1066회차]
당첨번호: [6, 11, 16, 19, 21, 32], 보너스: 45
출현빈도 정렬: [34, 18, 12, 27, 45, 14, 17, 13, 39, 20, 40, 33, 43, 37, 1, 3, 11, 15, 24, 26, 31, 36, 4, 10, 21, 2, 19, 38, 44, 5, 7, 35, 16, 42, 8, 6, 25, 29, 41, 23, 30, 28, 22, 32, 9]
사용한 3개 순위 패턴 10개: [(46, 46, 46), (4, 46, 46), (15, 17, 31), (13, 20, 37), (3, 6, 26), (6, 30, 33), (9, 20, 33), (11, 25, 44), (8, 21, 23), (21, 29, 32)]
예측 개수: 10


[1067회차]
당첨번호: [7, 10, 19, 23, 28, 33], 보너스: 18
출현빈도 정렬: [34, 18, 12, 27, 45, 14, 17, 13, 39, 20, 40, 33, 43, 37, 1, 11, 3, 15, 21, 24, 26, 31, 36, 4, 10, 19, 2, 38, 44, 5, 7, 16, 35, 42, 6, 8, 25, 29, 41, 23, 30, 28, 22, 32, 9]
사용한 3개 순위 패턴 10개: [(46, 46, 46), (4, 46, 46), (15, 17, 31), (13, 20, 37), (3, 6, 26), (6, 30, 33), (9, 20, 33), (11, 25, 44), (8, 21, 23), (21, 29, 32)]
예측 개수: 10


[1068회차]
당첨번호: [4, 7, 19, 26, 33, 35], 보너스: 3
출현빈도 정렬: [34, 18, 12, 27, 45, 14, 17, 13, 39, 20, 33, 40, 43, 37, 1, 11, 3, 15, 10, 19, 21, 24, 26, 31, 36, 4, 2, 7, 38, 44, 5, 16, 35, 42, 6, 8, 25, 29, 41, 23, 28, 30, 22, 32, 9]
사용한 3개 순위 패턴 10개: [(46, 46, 46), (4, 46, 46), (15, 17, 31), (13, 20, 37), (3, 6, 26), (6, 30, 33), (9, 20, 33), (11, 25, 44), (8, 21, 23), (21, 29, 32)]
예측 개수: 10


[1069회차]
당첨번호: [1, 10, 18, 22, 28, 31], 보너스: 44
출현빈도 정렬: [34, 18, 12, 27, 45, 14, 17, 13, 33, 39, 20, 40, 43, 37, 1, 11, 3, 15, 19, 26, 4, 10, 21, 24, 31, 36, 7, 2, 38, 44, 5, 35, 16, 42, 6, 8, 25, 29, 41, 23, 28, 30, 22, 32, 9]
사용한 3개 순위 패턴 10개: [(46, 46, 46), (4, 46, 46), (15, 17, 31), (13, 20, 37), (3, 6, 26), (6, 30, 33), (9, 20, 33), (11, 25, 44), (8, 21, 23), (21, 29, 32)]
예측 개수: 10


[1070회차]
당첨번호: [3, 6, 14, 22, 30, 41], 보너스: 36
출현빈도 정렬: [34, 18, 12, 27, 45, 14, 17, 13, 33, 39, 20, 40, 43, 1, 37, 11, 3, 10, 15, 19, 26, 31, 4, 21, 24, 36, 7, 2, 38, 44, 5, 35, 16, 42, 6, 8, 25, 29, 41, 23, 28, 30, 22, 32, 9]
사용한 3개 순위 패턴 10개: [(46, 46, 46), (4, 46, 46), (15, 17, 31), (13, 20, 37), (3, 6, 26), (6, 30, 33), (9, 20, 33), (11, 25, 44), (8, 21, 23), (21, 29, 32)]
예측 개수: 10


[1071회차]
당첨번호: [1, 2, 11, 21, 30, 35], 보너스: 39
출현빈도 정렬: [34, 18, 12, 27, 45, 14, 17, 13, 33, 39, 20, 40, 43, 1, 37, 3, 11, 10, 15, 19, 26, 31, 4, 21, 24, 36, 7, 2, 38, 44, 5, 35, 16, 6, 42, 8, 25, 29, 41, 23, 28, 30, 22, 32, 9]
사용한 3개 순위 패턴 10개: [(46, 46, 46), (4, 46, 46), (15, 17, 31), (13, 20, 37), (3, 6, 26), (6, 30, 33), (9, 20, 33), (11, 25, 44), (8, 21, 23), (21, 29, 32)]
예측 개수: 10


[1072회차]
당첨번호: [16, 18, 20, 23, 32, 43], 보너스: 27
출현빈도 정렬: [34, 18, 12, 27, 45, 14, 17, 13, 33, 39, 20, 40, 1, 43, 37, 11, 3, 10, 15, 19, 21, 26, 31, 4, 24, 36, 2, 7, 35, 38, 44, 5, 16, 6, 42, 8, 25, 29, 41, 30, 23, 28, 22, 32, 9]
사용한 3개 순위 패턴 10개: [(46, 46, 46), (4, 46, 46), (15, 17, 31), (13, 20, 37), (3, 6, 26), (6, 30, 33), (9, 20, 33), (11, 25, 44), (8, 21, 23), (21, 29, 32)]
예측 개수: 10


[1073회차]
당첨번호: [6, 18, 28, 30, 32, 38], 보너스: 15
출현빈도 정렬: [34, 18, 12, 27, 45, 14, 17, 13, 20, 33, 39, 40, 43, 1, 37, 11, 3, 10, 15, 19, 21, 26, 31, 4, 24, 36, 2, 7, 35, 38, 44, 5, 16, 6, 42, 8, 25, 29, 41, 23, 30, 28, 22, 32, 9]
사용한 3개 순위 패턴 10개: [(46, 46, 46), (4, 46, 46), (15, 17, 31), (13, 20, 37), (3, 6, 26), (6, 30, 33), (9, 20, 33), (11, 25, 44), (8, 21, 23), (21, 29, 32)]
예측 개수: 10


[1074회차]
당첨번호: [1, 6, 20, 27, 28, 41], 보너스: 15
출현빈도 정렬: [34, 18, 12, 27, 45, 14, 17, 13, 20, 33, 39, 40, 43, 1, 37, 11, 3, 10, 15, 19, 21, 26, 31, 4, 24, 36, 2, 7, 38, 35, 44, 5, 16, 6, 42, 8, 25, 29, 41, 30, 23, 28, 22, 32, 9]
사용한 3개 순위 패턴 10개: [(46, 46, 46), (4, 46, 46), (15, 17, 31), (13, 20, 37), (3, 6, 26), (6, 30, 33), (9, 20, 33), (11, 25, 44), (8, 21, 23), (21, 29, 32)]
예측 개수: 10


[1075회차]
당첨번호: [1, 23, 24, 35, 44, 45], 보너스: 10
출현빈도 정렬: [34, 18, 12, 27, 45, 14, 17, 13, 20, 33, 39, 1, 40, 43, 37, 11, 3, 10, 15, 19, 21, 26, 31, 4, 24, 36, 2, 7, 38, 35, 44, 5, 6, 16, 42, 8, 25, 29, 41, 28, 30, 23, 22, 32, 9]
사용한 3개 순위 패턴 10개: [(46, 46, 46), (4, 46, 46), (15, 17, 31), (13, 20, 37), (3, 6, 26), (6, 30, 33), (9, 20, 33), (11, 25, 44), (8, 21, 23), (21, 29, 32)]
예측 개수: 10


[1076회차]
당첨번호: [3, 7, 9, 33, 36, 37], 보너스: 10
출현빈도 정렬: [34, 18, 12, 27, 45, 14, 17, 13, 20, 1, 33, 39, 40, 43, 37, 11, 3, 10, 15, 19, 21, 24, 26, 31, 4, 36, 2, 7, 35, 38, 44, 5, 6, 16, 42, 8, 25, 29, 41, 23, 28, 30, 22, 32, 9]
사용한 3개 순위 패턴 10개: [(46, 46, 46), (4, 46, 46), (15, 17, 31), (13, 20, 37), (3, 6, 26), (6, 30, 33), (9, 20, 33), (11, 25, 44), (8, 21, 23), (21, 29, 32)]
예측 개수: 10


[1077회차]
당첨번호: [4, 8, 17, 30, 40, 43], 보너스: 34
출현빈도 정렬: [34, 18, 12, 27, 45, 14, 17, 13, 20, 33, 1, 39, 40, 43, 37, 3, 11, 10, 15, 19, 21, 24, 26, 31, 36, 4, 7, 2, 35, 38, 44, 5, 6, 16, 42, 8, 25, 29, 41, 23, 28, 30, 22, 32, 9]
사용한 3개 순위 패턴 10개: [(46, 46, 46), (4, 46, 46), (15, 17, 31), (13, 20, 37), (3, 6, 26), (6, 30, 33), (9, 20, 33), (11, 25, 44), (8, 21, 23), (21, 29, 32)]
예측 개수: 10


[1078회차]
당첨번호: [6, 10, 11, 14, 36, 38], 보너스: 43
출현빈도 정렬: [34, 18, 12, 27, 45, 14, 17, 13, 20, 33, 1, 39, 40, 43, 37, 3, 11, 4, 10, 15, 19, 21, 24, 26, 31, 36, 7, 2, 35, 38, 44, 5, 6, 16, 8, 42, 25, 29, 41, 30, 23, 28, 22, 32, 9]
사용한 3개 순위 패턴 10개: [(46, 46, 46), (4, 46, 46), (15, 17, 31), (13, 20, 37), (3, 6, 26), (6, 30, 33), (9, 20, 33), (11, 25, 44), (8, 21, 23), (21, 29, 32)]
예측 개수: 10


[1079회차]
당첨번호: [4, 8, 18, 24, 37, 45], 보너스: 6
출현빈도 정렬: [34, 18, 12, 27, 45, 14, 17, 13, 20, 33, 1, 39, 40, 43, 37, 11, 3, 10, 36, 4, 15, 19, 21, 24, 26, 31, 7, 38, 2, 35, 44, 6, 5, 16, 8, 42, 25, 29, 41, 30, 23, 28, 22, 32, 9]
사용한 3개 순위 패턴 10개: [(46, 46, 46), (4, 46, 46), (15, 17, 31), (13, 20, 37), (13, 26, 36), (3, 6, 26), (6, 30, 33), (9, 20, 33), (11, 25, 44), (8, 21, 23)]
예측 개수: 10


[1080회차]
당첨번호: [13, 16, 23, 31, 36, 44], 보너스: 38
출현빈도 정렬: [34, 18, 45, 12, 27, 14, 17, 13, 20, 33, 1, 39, 40, 43, 37, 11, 3, 4, 10, 24, 36, 15, 19, 21, 26, 31, 7, 38, 2, 35, 44, 6, 5, 16, 8, 42, 25, 29, 41, 30, 23, 28, 22, 32, 9]
사용한 3개 순위 패턴 10개: [(46, 46, 46), (4, 46, 46), (15, 17, 31), (13, 20, 37), (6, 30, 33), (13, 26, 36), (3, 6, 26), (9, 20, 33), (11, 25, 44), (8, 21, 23)]
예측 개수: 10


[1081회차]
당첨번호: [1, 9, 16, 23, 24, 38], 보너스: 17
출현빈도 정렬: [34, 18, 45, 12, 27, 14, 17, 13, 20, 33, 1, 39, 40, 43, 37, 11, 3, 36, 4, 10, 24, 31, 15, 19, 21, 26, 7, 38, 44, 2, 35, 6, 16, 5, 8, 42, 25, 29, 41, 23, 30, 28, 22, 32, 9]
사용한 3개 순위 패턴 10개: [(46, 46, 46), (4, 46, 46), (15, 17, 31), (13, 20, 37), (6, 30, 33), (13, 26, 36), (3, 6, 26), (9, 20, 33), (11, 25, 44), (8, 21, 23)]
예측 개수: 10


[1082회차]
당첨번호: [21, 26, 27, 32, 34, 42], 보너스: 31
출현빈도 정렬: [34, 18, 45, 12, 27, 14, 17, 13, 1, 20, 33, 39, 40, 43, 37, 11, 3, 24, 36, 4, 10, 31, 15, 19, 21, 26, 38, 7, 44, 2, 16, 35, 6, 5, 8, 42, 25, 29, 41, 23, 30, 28, 22, 32, 9]
사용한 3개 순위 패턴 10개: [(46, 46, 46), (4, 46, 46), (15, 17, 31), (13, 20, 37), (6, 30, 33), (13, 26, 36), (3, 6, 26), (9, 20, 33), (11, 25, 44), (8, 21, 23)]
예측 개수: 10


[1083회차]
당첨번호: [3, 7, 14, 15, 22, 38], 보너스: 17
출현빈도 정렬: [34, 18, 27, 45, 12, 14, 17, 13, 1, 20, 33, 39, 40, 43, 37, 11, 3, 24, 36, 4, 10, 21, 26, 31, 15, 19, 38, 7, 44, 2, 16, 35, 6, 5, 8, 42, 25, 29, 41, 23, 30, 28, 32, 22, 9]
사용한 3개 순위 패턴 10개: [(46, 46, 46), (4, 46, 46), (15, 17, 31), (13, 20, 37), (6, 30, 33), (13, 26, 36), (3, 6, 26), (11, 28, 33), (9, 20, 33), (11, 25, 44)]
예측 개수: 10


[1084회차]
당첨번호: [8, 12, 13, 29, 33, 42], 보너스: 5
출현빈도 정렬: [34, 18, 27, 45, 12, 14, 17, 13, 1, 20, 33, 39, 40, 43, 37, 3, 11, 24, 36, 4, 10, 15, 21, 26, 31, 38, 7, 19, 44, 2, 16, 35, 6, 5, 8, 42, 25, 29, 41, 23, 30, 28, 22, 32, 9]
사용한 3개 순위 패턴 10개: [(46, 46, 46), (4, 46, 46), (15, 17, 31), (13, 20, 37), (6, 30, 33), (13, 26, 36), (3, 6, 26), (11, 28, 33), (9, 20, 33), (11, 25, 44)]
예측 개수: 10


[1085회차]
당첨번호: [4, 7, 17, 18, 38, 44], 보너스: 36
출현빈도 정렬: [34, 18, 12, 27, 45, 14, 13, 17, 33, 1, 20, 39, 40, 43, 37, 3, 11, 24, 36, 4, 10, 15, 21, 26, 31, 38, 7, 19, 44, 2, 16, 35, 6, 5, 8, 42, 25, 29, 41, 23, 30, 28, 22, 32, 9]
사용한 3개 순위 패턴 10개: [(46, 46, 46), (4, 46, 46), (15, 17, 31), (13, 20, 37), (6, 30, 33), (13, 26, 36), (3, 6, 26), (11, 28, 33), (9, 20, 33), (11, 25, 44)]
예측 개수: 10


[1086회차]
당첨번호: [11, 16, 25, 27, 35, 36], 보너스: 37
출현빈도 정렬: [34, 18, 12, 27, 45, 14, 17, 13, 33, 1, 20, 39, 40, 43, 37, 3, 11, 4, 24, 36, 38, 7, 10, 15, 21, 26, 31, 19, 44, 2, 16, 35, 6, 5, 8, 42, 25, 29, 41, 23, 30, 28, 22, 32, 9]
사용한 3개 순위 패턴 10개: [(46, 46, 46), (4, 46, 46), (15, 17, 31), (13, 20, 37), (6, 30, 33), (13, 26, 36), (3, 6, 26), (11, 28, 33), (9, 20, 33), (11, 25, 44)]
예측 개수: 10


[1087회차]
당첨번호: [13, 14, 18, 21, 34, 44], 보너스: 16
출현빈도 정렬: [34, 18, 27, 12, 45, 14, 17, 13, 33, 1, 20, 39, 40, 43, 37, 11, 3, 36, 4, 24, 38, 7, 10, 15, 21, 26, 31, 19, 44, 16, 35, 2, 6, 5, 8, 42, 25, 29, 41, 23, 30, 28, 22, 32, 9]
사용한 3개 순위 패턴 10개: [(46, 46, 46), (4, 46, 46), (15, 17, 31), (13, 20, 37), (6, 30, 33), (13, 26, 36), (3, 6, 26), (11, 28, 33), (9, 20, 33), (11, 25, 44)]
예측 개수: 10


[1088회차]
당첨번호: [11, 21, 22, 30, 39, 44], 보너스: 31
출현빈도 정렬: [34, 18, 27, 12, 45, 14, 13, 17, 33, 1, 20, 39, 40, 43, 37, 11, 3, 36, 4, 21, 24, 38, 7, 10, 15, 26, 31, 44, 19, 16, 35, 2, 6, 5, 8, 42, 25, 29, 41, 23, 30, 28, 22, 32, 9]
사용한 3개 순위 패턴 10개: [(46, 46, 46), (4, 46, 46), (15, 17, 31), (13, 20, 37), (6, 30, 33), (13, 26, 36), (3, 6, 26), (11, 28, 33), (9, 20, 33), (11, 25, 44)]
예측 개수: 10


[1089회차]
당첨번호: [4, 18, 31, 37, 42, 43], 보너스: 40
출현빈도 정렬: [34, 18, 27, 12, 45, 14, 13, 17, 33, 1, 20, 39, 40, 43, 11, 37, 3, 21, 36, 4, 24, 38, 44, 7, 10, 15, 26, 31, 19, 16, 35, 2, 6, 5, 8, 42, 25, 29, 41, 23, 30, 28, 22, 32, 9]
사용한 3개 순위 패턴 10개: [(46, 46, 46), (4, 46, 46), (15, 17, 31), (13, 20, 37), (6, 30, 33), (13, 26, 36), (3, 6, 26), (11, 28, 33), (9, 20, 33), (11, 25, 44)]
예측 개수: 10


[1090회차]
당첨번호: [12, 19, 21, 29, 40, 45], 보너스: 1
출현빈도 정렬: [34, 18, 27, 12, 45, 14, 13, 17, 33, 1, 20, 39, 43, 37, 40, 11, 3, 4, 21, 36, 24, 31, 38, 44, 7, 10, 15, 26, 19, 16, 35, 2, 6, 42, 5, 8, 25, 29, 41, 23, 30, 28, 22, 32, 9]
사용한 3개 순위 패턴 10개: [(46, 46, 46), (4, 46, 46), (15, 17, 31), (13, 20, 37), (6, 30, 33), (13, 26, 36), (3, 6, 26), (11, 28, 33), (9, 20, 33), (11, 25, 44)]
예측 개수: 10


[1091회차]
당첨번호: [6, 20, 23, 24, 28, 30], 보너스: 44
출현빈도 정렬: [34, 18, 12, 27, 45, 14, 13, 17, 33, 1, 20, 39, 40, 43, 37, 11, 21, 3, 4, 36, 24, 31, 38, 44, 7, 10, 15, 19, 26, 16, 35, 2, 6, 42, 5, 8, 25, 29, 41, 23, 30, 28, 22, 32, 9]
사용한 3개 순위 패턴 10개: [(46, 46, 46), (4, 46, 46), (15, 17, 31), (13, 20, 37), (6, 30, 33), (13, 26, 36), (3, 6, 26), (11, 28, 33), (9, 20, 33), (11, 25, 44)]
예측 개수: 10


[1092회차]
당첨번호: [7, 18, 19, 26, 33, 45], 보너스: 37
출현빈도 정렬: [34, 18, 12, 27, 45, 14, 13, 17, 20, 33, 1, 39, 40, 43, 37, 11, 21, 3, 4, 24, 36, 31, 38, 44, 7, 10, 15, 19, 26, 16, 35, 2, 6, 42, 5, 8, 25, 29, 23, 30, 41, 28, 22, 32, 9]
사용한 3개 순위 패턴 10개: [(46, 46, 46), (4, 46, 46), (15, 17, 31), (13, 20, 37), (6, 30, 33), (13, 26, 36), (3, 6, 26), (11, 28, 33), (9, 20, 33), (11, 25, 44)]
예측 개수: 10


[1093회차]
당첨번호: [10, 17, 22, 30, 35, 43], 보너스: 44
출현빈도 정렬: [18, 34, 45, 12, 27, 14, 13, 17, 33, 20, 1, 39, 40, 43, 37, 11, 21, 3, 4, 24, 36, 7, 19, 26, 31, 38, 44, 10, 15, 16, 35, 2, 6, 42, 5, 8, 25, 29, 23, 30, 41, 28, 22, 32, 9]
사용한 3개 순위 패턴 10개: [(46, 46, 46), (4, 46, 46), (15, 17, 31), (13, 20, 37), (6, 30, 33), (13, 26, 36), (11, 33, 41), (3, 6, 26), (11, 28, 33), (9, 20, 33)]
예측 개수: 10


[1094회차]
당첨번호: [6, 7, 15, 22, 26, 40], 보너스: 41
출현빈도 정렬: [18, 34, 45, 12, 27, 14, 17, 13, 33, 20, 43, 1, 39, 40, 37, 11, 21, 3, 4, 24, 36, 7, 10, 19, 26, 31, 38, 44, 15, 35, 16, 2, 6, 42, 5, 8, 25, 29, 30, 23, 41, 28, 22, 32, 9]
사용한 3개 순위 패턴 10개: [(46, 46, 46), (4, 46, 46), (15, 17, 31), (13, 20, 37), (6, 30, 33), (13, 26, 36), (11, 33, 41), (3, 6, 26), (11, 28, 33), (9, 20, 33)]
예측 개수: 10


[1095회차]
당첨번호: [8, 14, 28, 29, 34, 40], 보너스: 12
출현빈도 정렬: [18, 34, 45, 12, 27, 14, 17, 13, 33, 20, 40, 43, 1, 39, 37, 11, 21, 3, 4, 7, 24, 26, 36, 10, 15, 19, 31, 38, 44, 35, 6, 16, 2, 42, 5, 8, 25, 29, 30, 23, 41, 22, 28, 32, 9]
사용한 3개 순위 패턴 10개: [(46, 46, 46), (4, 46, 46), (15, 17, 31), (13, 20, 37), (6, 30, 33), (13, 26, 36), (11, 33, 41), (3, 6, 26), (11, 28, 33), (9, 20, 33)]
예측 개수: 10


[1096회차]
당첨번호: [1, 12, 16, 19, 23, 43], 보너스: 34
출현빈도 정렬: [34, 18, 45, 12, 27, 14, 17, 13, 33, 40, 20, 43, 1, 39, 37, 11, 21, 3, 4, 7, 24, 26, 36, 10, 15, 19, 31, 38, 44, 35, 6, 16, 2, 8, 42, 5, 25, 29, 30, 23, 41, 28, 22, 32, 9]
사용한 3개 순위 패턴 10개: [(46, 46, 46), (4, 46, 46), (15, 17, 31), (13, 20, 37), (6, 30, 33), (13, 26, 36), (11, 33, 41), (3, 6, 26), (11, 28, 33), (9, 20, 33)]
예측 개수: 10


[1097회차]
당첨번호: [14, 33, 34, 35, 37, 40], 보너스: 4
출현빈도 정렬: [34, 18, 12, 45, 27, 14, 17, 13, 33, 40, 43, 1, 20, 39, 37, 11, 21, 3, 4, 7, 19, 24, 26, 36, 10, 15, 31, 38, 44, 16, 35, 6, 2, 8, 42, 5, 25, 29, 23, 30, 41, 28, 22, 32, 9]
사용한 3개 순위 패턴 10개: [(46, 46, 46), (4, 46, 46), (15, 17, 31), (13, 20, 37), (6, 30, 33), (13, 26, 36), (11, 33, 41), (3, 6, 26), (11, 28, 33), (9, 20, 33)]
예측 개수: 10


[1098회차]
당첨번호: [12, 16, 21, 24, 41, 43], 보너스: 15
출현빈도 정렬: [34, 18, 12, 45, 14, 27, 17, 13, 33, 40, 43, 1, 20, 37, 39, 11, 21, 3, 4, 7, 19, 24, 26, 36, 10, 15, 31, 38, 44, 35, 16, 6, 2, 8, 42, 5, 25, 29, 23, 30, 41, 28, 22, 32, 9]
사용한 3개 순위 패턴 10개: [(46, 46, 46), (4, 46, 46), (15, 17, 31), (13, 20, 37), (6, 30, 33), (13, 26, 36), (11, 33, 41), (3, 6, 26), (11, 28, 33), (9, 20, 33)]
예측 개수: 10


[1099회차]
당첨번호: [3, 20, 28, 38, 40, 43], 보너스: 4
출현빈도 정렬: [34, 18, 12, 45, 14, 27, 17, 13, 33, 40, 43, 1, 20, 37, 39, 11, 21, 24, 3, 4, 7, 19, 26, 36, 10, 15, 31, 38, 44, 16, 35, 6, 2, 8, 42, 5, 25, 29, 23, 30, 41, 28, 22, 32, 9]
사용한 3개 순위 패턴 10개: [(46, 46, 46), (4, 46, 46), (15, 17, 31), (13, 20, 37), (6, 30, 33), (13, 26, 36), (11, 33, 41), (3, 6, 26), (11, 28, 33), (9, 20, 33)]
예측 개수: 10


[1100회차]
당첨번호: [17, 26, 29, 30, 31, 43], 보너스: 12
출현빈도 정렬: [34, 18, 12, 45, 14, 27, 17, 40, 43, 13, 33, 20, 1, 37, 39, 11, 21, 3, 24, 4, 7, 19, 26, 36, 38, 10, 15, 31, 44, 16, 35, 6, 2, 8, 42, 5, 25, 29, 23, 30, 41, 28, 22, 32, 9]
사용한 3개 순위 패턴 10개: [(46, 46, 46), (4, 46, 46), (15, 17, 31), (13, 20, 37), (6, 30, 33), (13, 26, 36), (11, 33, 41), (3, 6, 26), (11, 28, 33), (9, 20, 33)]
예측 개수: 10
