[101회차]
당첨번호: [1, 3, 17, 32, 35, 45], 보너스: 8
출현빈도 정렬: [40, 37, 17, 25, 3, 7, 26, 2, 6, 33, 36, 15, 16, 23, 43, 10, 18, 27, 29, 35, 39, 44, 1, 4, 8, 14, 30, 31, 32, 38, 42, 20, 21, 24, 13, 19, 5, 12, 9, 34, 41, 11, 22, 45, 28]
사용한 3개 순위 패턴 10개: [(46, 46, 46), (4, 46, 46), (3, 46, 46), (17, 46, 46), (8, 46, 46), (12, 17, 46), (1, 5, 46), (1, 9, 46), (8, 17, 46), (8, 23, 46)]
예측 개수: 10


[102회차]
당첨번호: [17, 22, 24, 26, 35, 40], 보너스: 42
출현빈도 정렬: [40, 37, 17, 3, 25, 7, 26, 2, 6, 33, 36, 15, 16, 23, 35, 43, 1, 10, 18, 27, 29, 32, 39, 44, 4, 8, 14, 30, 31, 38, 42, 20, 21, 24, 13, 19, 5, 12, 9, 34, 41, 11, 22, 45, 28]
사용한 3개 순위 패턴 10개: [(46, 46, 46), (4, 46, 46), (3, 46, 46), (17, 46, 46), (8, 46, 46), (12, 17, 46), (1, 5, 46), (1, 9, 46), (8, 17, 46), (8, 23, 46)]
예측 개수: 10


[103회차]
당첨번호: [5, 14, 15, 27, 30, 45], 보너스: 10
출현빈도 정렬: [40, 17, 37, 3, 25, 26, 7, 2, 6, 33, 35, 36, 15, 16, 23, 43, 1, 10, 18, 27, 29, 32, 39, 44, 4, 8, 14, 24, 30, 31, 38, 42, 20, 21, 13, 19, 5, 12, 9, 22, 34, 41, 11, 45, 28]
사용한 3개 순위 패턴 10개: [(46, 46, 46), (4, 46, 46), (3, 46, 46), (17, 46, 46), (8, 46, 46), (12, 17, 46), (1, 5, 46), (1, 9, 46), (8, 17, 46), (8, 23, 46)]
예측 개수: 10


[104회차]
당첨번호: [17, 32, 33, 34, 42, 44], 보너스: 35
출현빈도 정렬: [40, 17, 37, 3, 25, 26, 7, 2, 6, 15, 33, 35, 36, 16, 23, 27, 43, 1, 10, 14, 18, 29, 30, 32, 39, 44, 4, 8, 24, 31, 38, 42, 20, 21, 5, 13, 19, 12, 9, 22, 34, 41, 45, 11, 28]
사용한 3개 순위 패턴 10개: [(46, 46, 46), (4, 46, 46), (3, 46, 46), (17, 46, 46), (8, 46, 46), (12, 17, 46), (1, 5, 46), (1, 9, 46), (8, 17, 46), (8, 23, 46)]
예측 개수: 10


[105회차]
당첨번호: [8, 10, 20, 34, 41, 45], 보너스: 28
출현빈도 정렬: [40, 17, 37, 3, 25, 26, 7, 33, 2, 6, 15, 35, 36, 16, 23, 27, 32, 43, 44, 1, 10, 14, 18, 29, 30, 39, 42, 4, 8, 24, 31, 38, 20, 21, 5, 13, 19, 12, 34, 9, 22, 41, 45, 11, 28]
사용한 3개 순위 패턴 10개: [(46, 46, 46), (4, 46, 46), (3, 46, 46), (17, 46, 46), (8, 46, 46), (12, 17, 46), (1, 5, 46), (1, 9, 46), (8, 17, 46), (8, 23, 46)]
예측 개수: 10


[106회차]
당첨번호: [4, 10, 12, 22, 24, 33], 보너스: 29
출현빈도 정렬: [40, 17, 37, 3, 25, 26, 7, 33, 2, 6, 15, 35, 36, 10, 16, 23, 27, 32, 43, 44, 1, 8, 14, 18, 29, 30, 39, 42, 4, 20, 24, 31, 38, 21, 5, 13, 19, 34, 12, 41, 45, 9, 22, 11, 28]
사용한 3개 순위 패턴 10개: [(46, 46, 46), (4, 46, 46), (3, 46, 46), (17, 46, 46), (8, 46, 46), (12, 17, 46), (1, 5, 46), (1, 9, 46), (8, 17, 46), (8, 23, 46)]
예측 개수: 10


[107회차]
당첨번호: [1, 4, 5, 6, 9, 31], 보너스: 17
출현빈도 정렬: [40, 17, 37, 3, 25, 26, 33, 7, 2, 6, 10, 15, 35, 36, 16, 23, 27, 32, 43, 44, 1, 4, 8, 14, 18, 24, 29, 30, 39, 42, 20, 31, 38, 21, 5, 12, 13, 19, 34, 22, 41, 45, 9, 11, 28]
사용한 3개 순위 패턴 10개: [(46, 46, 46), (4, 46, 46), (3, 46, 46), (17, 46, 46), (8, 46, 46), (12, 17, 46), (1, 5, 46), (1, 9, 46), (8, 17, 46), (8, 23, 46)]
예측 개수: 10


[108회차]
당첨번호: [7, 18, 22, 23, 29, 44], 보너스: 12
출현빈도 정렬: [40, 17, 37, 3, 25, 26, 33, 6, 7, 2, 10, 15, 35, 36, 1, 4, 16, 23, 27, 32, 43, 44, 8, 14, 18, 24, 29, 30, 31, 39, 42, 20, 38, 5, 21, 12, 13, 19, 34, 9, 22, 41, 45, 11, 28]
사용한 3개 순위 패턴 10개: [(46, 46, 46), (4, 46, 46), (3, 46, 46), (17, 46, 46), (8, 46, 46), (12, 17, 46), (1, 5, 46), (1, 9, 46), (8, 17, 46), (8, 23, 46)]
예측 개수: 10


[109회차]
당첨번호: [1, 5, 34, 36, 42, 44], 보너스: 33
출현빈도 정렬: [40, 17, 37, 3, 7, 25, 26, 33, 6, 2, 10, 15, 23, 35, 36, 44, 1, 4, 16, 18, 27, 29, 32, 43, 8, 14, 24, 30, 31, 39, 42, 20, 38, 5, 21, 12, 13, 19, 22, 34, 9, 41, 45, 11, 28]
사용한 3개 순위 패턴 10개: [(46, 46, 46), (4, 46, 46), (3, 46, 46), (17, 46, 46), (8, 46, 46), (12, 17, 46), (1, 5, 46), (1, 9, 46), (8, 17, 46), (8, 23, 46)]
예측 개수: 10


[110회차]
당첨번호: [7, 20, 22, 23, 29, 43], 보너스: 1
출현빈도 정렬: [40, 17, 37, 3, 7, 25, 26, 33, 6, 36, 44, 1, 2, 10, 15, 23, 35, 4, 16, 18, 27, 29, 32, 42, 43, 8, 14, 24, 30, 31, 39, 5, 20, 38, 21, 34, 12, 13, 19, 22, 9, 41, 45, 11, 28]
사용한 3개 순위 패턴 10개: [(46, 46, 46), (4, 46, 46), (3, 46, 46), (17, 46, 46), (8, 46, 46), (12, 17, 46), (1, 5, 46), (1, 9, 46), (8, 17, 46), (8, 23, 46)]
예측 개수: 10


[111회차]
당첨번호: [7, 18, 31, 33, 36, 40], 보너스: 27
출현빈도 정렬: [40, 17, 37, 7, 3, 25, 26, 33, 6, 23, 36, 44, 1, 2, 10, 15, 29, 35, 43, 4, 16, 18, 27, 32, 42, 8, 14, 20, 24, 30, 31, 39, 5, 38, 21, 22, 34, 12, 13, 19, 9, 41, 45, 11, 28]
사용한 3개 순위 패턴 10개: [(46, 46, 46), (4, 46, 46), (3, 46, 46), (17, 46, 46), (8, 46, 46), (12, 17, 46), (1, 5, 46), (1, 9, 46), (8, 17, 46), (8, 23, 46)]
예측 개수: 10


[112회차]
당첨번호: [26, 29, 30, 33, 41, 42], 보너스: 43
출현빈도 정렬: [40, 17, 7, 37, 33, 3, 25, 26, 36, 6, 23, 44, 1, 2, 10, 15, 18, 29, 35, 43, 4, 16, 27, 31, 32, 42, 8, 14, 20, 24, 30, 39, 5, 38, 21, 22, 34, 12, 13, 19, 9, 41, 45, 11, 28]
사용한 3개 순위 패턴 10개: [(46, 46, 46), (4, 46, 46), (3, 46, 46), (17, 46, 46), (8, 46, 46), (12, 17, 46), (1, 5, 46), (1, 9, 46), (8, 17, 46), (8, 23, 46)]
예측 개수: 10


[113회차]
당첨번호: [4, 9, 28, 33, 36, 45], 보너스: 26
출현빈도 정렬: [40, 17, 7, 33, 37, 26, 3, 25, 36, 6, 23, 29, 44, 1, 2, 10, 15, 18, 35, 42, 43, 4, 16, 27, 30, 31, 32, 8, 14, 20, 24, 39, 5, 38, 21, 22, 34, 12, 13, 19, 41, 9, 45, 11, 28]
사용한 3개 순위 패턴 10개: [(46, 46, 46), (4, 46, 46), (3, 46, 46), (17, 46, 46), (8, 46, 46), (12, 17, 46), (1, 5, 46), (1, 9, 46), (8, 17, 46), (8, 23, 46)]
예측 개수: 10


[114회차]
당첨번호: [11, 14, 19, 26, 28, 41], 보너스: 2
출현빈도 정렬: [40, 17, 33, 7, 37, 26, 36, 3, 25, 6, 23, 29, 44, 1, 2, 4, 10, 15, 18, 35, 42, 43, 16, 27, 30, 31, 32, 8, 14, 20, 24, 39, 5, 38, 21, 22, 34, 9, 12, 13, 19, 41, 45, 11, 28]
사용한 3개 순위 패턴 10개: [(46, 46, 46), (4, 46, 46), (3, 46, 46), (17, 46, 46), (8, 46, 46), (12, 17, 46), (1, 5, 46), (1, 9, 46), (8, 17, 46), (8, 23, 46)]
예측 개수: 10


[115회차]
당첨번호: [1, 2, 6, 9, 25, 28], 보너스: 31
출현빈도 정렬: [40, 17, 33, 7, 26, 37, 36, 3, 25, 6, 23, 29, 44, 1, 2, 4, 10, 15, 18, 35, 42, 43, 14, 16, 27, 30, 31, 32, 8, 20, 24, 39, 5, 38, 19, 21, 22, 34, 41, 9, 12, 13, 45, 11, 28]
사용한 3개 순위 패턴 10개: [(46, 46, 46), (4, 46, 46), (3, 46, 46), (17, 46, 46), (8, 46, 46), (12, 17, 46), (1, 5, 46), (1, 9, 46), (8, 17, 46), (8, 23, 46)]
예측 개수: 10


[116회차]
당첨번호: [2, 4, 25, 31, 34, 37], 보너스: 17
출현빈도 정렬: [40, 17, 33, 7, 26, 37, 25, 36, 3, 6, 1, 2, 23, 29, 44, 4, 10, 15, 18, 35, 42, 43, 14, 16, 27, 30, 31, 32, 8, 20, 24, 39, 5, 38, 9, 19, 21, 22, 34, 41, 12, 13, 45, 11, 28]
사용한 3개 순위 패턴 10개: [(46, 46, 46), (4, 46, 46), (3, 46, 46), (17, 46, 46), (8, 46, 46), (12, 17, 46), (1, 5, 46), (1, 9, 46), (8, 17, 46), (8, 23, 46)]
예측 개수: 10


[117회차]
당첨번호: [5, 10, 22, 34, 36, 44], 보너스: 35
출현빈도 정렬: [40, 17, 33, 37, 7, 25, 26, 36, 2, 3, 6, 1, 4, 23, 29, 44, 10, 15, 18, 31, 35, 42, 43, 14, 16, 27, 30, 32, 8, 20, 24, 39, 5, 34, 38, 9, 19, 21, 22, 41, 12, 13, 45, 11, 28]
사용한 3개 순위 패턴 10개: [(46, 46, 46), (4, 46, 46), (3, 46, 46), (17, 46, 46), (8, 46, 46), (12, 17, 46), (1, 5, 46), (1, 9, 46), (8, 17, 46), (8, 23, 46)]
예측 개수: 10


[118회차]
당첨번호: [3, 4, 10, 17, 19, 22], 보너스: 38
출현빈도 정렬: [40, 17, 33, 37, 7, 25, 26, 36, 2, 3, 6, 44, 1, 4, 10, 23, 29, 15, 18, 31, 35, 42, 43, 14, 16, 27, 30, 32, 5, 8, 20, 24, 34, 39, 22, 38, 9, 19, 21, 41, 12, 13, 45, 11, 28]
사용한 3개 순위 패턴 10개: [(46, 46, 46), (4, 46, 46), (3, 46, 46), (17, 46, 46), (8, 46, 46), (12, 17, 46), (1, 5, 46), (1, 9, 46), (8, 17, 46), (8, 23, 46)]
예측 개수: 10


[119회차]
당첨번호: [3, 11, 13, 14, 17, 21], 보너스: 38
출현빈도 정렬: [40, 17, 33, 37, 7, 25, 26, 36, 3, 2, 4, 6, 10, 44, 1, 23, 29, 15, 18, 31, 35, 42, 43, 14, 16, 27, 30, 32, 5, 8, 20, 22, 24, 34, 39, 19, 38, 9, 21, 41, 12, 13, 45, 11, 28]
사용한 3개 순위 패턴 10개: [(46, 46, 46), (4, 46, 46), (3, 46, 46), (17, 46, 46), (8, 46, 46), (12, 17, 46), (1, 5, 46), (1, 9, 46), (8, 17, 46), (8, 23, 46)]
예측 개수: 10


[120회차]
당첨번호: [4, 6, 10, 11, 32, 37], 보너스: 30
출현빈도 정렬: [17, 40, 33, 37, 3, 7, 25, 26, 36, 2, 4, 6, 10, 44, 1, 23, 29, 14, 15, 18, 31, 35, 42, 43, 16, 27, 30, 32, 5, 8, 20, 22, 24, 34, 39, 19, 21, 38, 9, 13, 41, 12, 45, 11, 28]
사용한 3개 순위 패턴 10개: [(46, 46, 46), (4, 46, 46), (3, 46, 46), (17, 46, 46), (8, 46, 46), (12, 17, 46), (1, 5, 46), (1, 9, 46), (8, 17, 46), (8, 23, 46)]
예측 개수: 10


[121회차]
당첨번호: [12, 28, 30, 34, 38, 43], 보너스: 9
출현빈도 정렬: [17, 40, 37, 33, 3, 7, 25, 26, 36, 4, 6, 10, 2, 44, 1, 23, 29, 14, 15, 18, 31, 32, 35, 42, 43, 16, 27, 30, 5, 8, 20, 22, 24, 34, 39, 19, 21, 38, 9, 13, 41, 11, 12, 45, 28]
사용한 3개 순위 패턴 10개: [(46, 46, 46), (4, 46, 46), (3, 46, 46), (17, 46, 46), (8, 46, 46), (12, 17, 46), (1, 5, 46), (1, 9, 46), (8, 17, 46), (8, 23, 46)]
예측 개수: 10


[122회차]
당첨번호: [1, 11, 16, 17, 36, 40], 보너스: 8
출현빈도 정렬: [17, 40, 37, 33, 3, 7, 25, 26, 36, 4, 6, 10, 2, 44, 1, 23, 29, 43, 14, 15, 18, 30, 31, 32, 35, 42, 16, 27, 34, 5, 8, 20, 22, 24, 38, 39, 19, 21, 9, 12, 13, 41, 11, 45, 28]
사용한 3개 순위 패턴 10개: [(46, 46, 46), (4, 46, 46), (3, 46, 46), (17, 46, 46), (8, 46, 46), (12, 17, 46), (1, 5, 46), (1, 9, 46), (8, 17, 46), (8, 23, 46)]
예측 개수: 10


[123회차]
당첨번호: [7, 17, 18, 28, 30, 45], 보너스: 27
출현빈도 정렬: [17, 40, 37, 33, 36, 3, 7, 25, 26, 4, 6, 10, 1, 2, 44, 23, 29, 43, 14, 15, 16, 18, 30, 31, 32, 35, 42, 27, 34, 5, 8, 20, 22, 24, 38, 39, 19, 21, 9, 11, 12, 13, 41, 45, 28]
사용한 3개 순위 패턴 10개: [(46, 46, 46), (4, 46, 46), (3, 46, 46), (17, 46, 46), (8, 46, 46), (12, 17, 46), (1, 5, 46), (1, 9, 46), (8, 17, 46), (8, 23, 46)]
예측 개수: 10


[124회차]
당첨번호: [4, 16, 23, 25, 29, 42], 보너스: 1
출현빈도 정렬: [17, 40, 37, 7, 33, 36, 3, 25, 26, 4, 6, 10, 1, 2, 44, 18, 23, 29, 30, 43, 14, 15, 16, 31, 32, 35, 42, 27, 34, 5, 8, 20, 22, 24, 38, 39, 19, 21, 9, 11, 12, 13, 41, 45, 28]
사용한 3개 순위 패턴 10개: [(46, 46, 46), (4, 46, 46), (3, 46, 46), (17, 46, 46), (8, 46, 46), (12, 17, 46), (1, 5, 46), (1, 9, 46), (8, 17, 46), (8, 23, 46)]
예측 개수: 10


[125회차]
당첨번호: [2, 8, 32, 33, 35, 36], 보너스: 18
출현빈도 정렬: [17, 40, 37, 7, 25, 33, 36, 3, 4, 26, 6, 10, 1, 2, 23, 29, 44, 16, 18, 30, 42, 43, 14, 15, 31, 32, 35, 27, 34, 5, 8, 20, 22, 24, 38, 39, 19, 21, 9, 11, 12, 13, 41, 45, 28]
사용한 3개 순위 패턴 10개: [(46, 46, 46), (4, 46, 46), (3, 46, 46), (17, 46, 46), (8, 46, 46), (12, 17, 46), (1, 5, 46), (1, 9, 46), (8, 17, 46), (8, 23, 46)]
예측 개수: 10


[126회차]
당첨번호: [7, 20, 22, 27, 40, 43], 보너스: 1
출현빈도 정렬: [17, 40, 33, 36, 37, 7, 25, 3, 4, 26, 2, 6, 10, 1, 23, 29, 44, 16, 18, 30, 32, 35, 42, 43, 14, 15, 31, 8, 27, 34, 5, 20, 22, 24, 38, 39, 19, 21, 9, 11, 12, 13, 41, 45, 28]
사용한 3개 순위 패턴 10개: [(46, 46, 46), (4, 46, 46), (3, 46, 46), (17, 46, 46), (8, 46, 46), (12, 17, 46), (1, 5, 46), (1, 9, 46), (8, 17, 46), (8, 23, 46)]
예측 개수: 10


[127회차]
당첨번호: [3, 5, 10, 29, 32, 43], 보너스: 35
출현빈도 정렬: [17, 40, 7, 33, 36, 37, 25, 3, 4, 26, 2, 6, 10, 1, 23, 29, 43, 44, 16, 18, 30, 32, 35, 42, 14, 15, 27, 31, 8, 20, 22, 34, 5, 24, 38, 39, 19, 21, 9, 11, 12, 13, 41, 45, 28]
사용한 3개 순위 패턴 10개: [(46, 46, 46), (4, 46, 46), (3, 46, 46), (17, 46, 46), (8, 46, 46), (12, 17, 46), (1, 5, 46), (1, 9, 46), (8, 17, 46), (8, 23, 46)]
예측 개수: 10


[128회차]
당첨번호: [12, 30, 34, 36, 37, 45], 보너스: 39
출현빈도 정렬: [17, 40, 7, 33, 36, 37, 3, 25, 4, 10, 26, 2, 6, 29, 43, 1, 23, 32, 44, 16, 18, 30, 35, 42, 14, 15, 27, 31, 5, 8, 20, 22, 34, 24, 38, 39, 19, 21, 9, 11, 12, 13, 41, 45, 28]
사용한 3개 순위 패턴 10개: [(46, 46, 46), (4, 46, 46), (3, 46, 46), (17, 46, 46), (8, 46, 46), (12, 17, 46), (1, 5, 46), (1, 9, 46), (8, 17, 46), (8, 23, 46)]
예측 개수: 10


[129회차]
당첨번호: [19, 23, 25, 28, 38, 42], 보너스: 17
출현빈도 정렬: [17, 40, 36, 37, 7, 33, 3, 25, 4, 10, 26, 2, 6, 29, 43, 1, 23, 30, 32, 44, 16, 18, 35, 42, 14, 15, 27, 31, 34, 5, 8, 20, 22, 24, 38, 39, 12, 19, 21, 45, 9, 11, 13, 41, 28]
사용한 3개 순위 패턴 10개: [(46, 46, 46), (4, 46, 46), (3, 46, 46), (17, 46, 46), (8, 46, 46), (12, 17, 46), (1, 5, 46), (1, 9, 46), (8, 17, 46), (8, 23, 46)]
예측 개수: 10


[130회차]
당첨번호: [7, 19, 24, 27, 42, 45], 보너스: 31
출현빈도 정렬: [17, 40, 36, 37, 7, 25, 33, 3, 4, 10, 26, 2, 6, 23, 29, 43, 1, 30, 32, 42, 44, 16, 18, 35, 14, 15, 27, 31, 34, 5, 8, 20, 22, 38, 19, 24, 39, 12, 21, 45, 9, 11, 13, 41, 28]
사용한 3개 순위 패턴 10개: [(46, 46, 46), (4, 46, 46), (3, 46, 46), (17, 46, 46), (8, 46, 46), (12, 17, 46), (1, 5, 46), (1, 9, 46), (8, 17, 46), (8, 23, 46)]
예측 개수: 10


[131회차]
당첨번호: [8, 10, 11, 14, 15, 21], 보너스: 37
출현빈도 정렬: [17, 40, 7, 36, 37, 25, 33, 3, 4, 10, 26, 2, 6, 23, 29, 42, 43, 1, 30, 32, 44, 16, 18, 27, 35, 14, 15, 31, 34, 5, 8, 19, 20, 22, 24, 38, 39, 45, 12, 21, 9, 11, 13, 41, 28]
사용한 3개 순위 패턴 10개: [(46, 46, 46), (4, 46, 46), (3, 46, 46), (17, 46, 46), (8, 46, 46), (12, 17, 46), (1, 5, 46), (1, 9, 46), (8, 17, 46), (8, 23, 46)]
예측 개수: 10


[132회차]
당첨번호: [3, 17, 23, 34, 41, 45], 보너스: 43
출현빈도 정렬: [17, 40, 7, 36, 37, 25, 33, 3, 10, 4, 26, 2, 6, 23, 29, 42, 43, 1, 30, 32, 44, 14, 15, 16, 18, 27, 35, 8, 31, 34, 5, 19, 20, 22, 24, 38, 21, 39, 45, 11, 12, 9, 13, 41, 28]
사용한 3개 순위 패턴 10개: [(46, 46, 46), (4, 46, 46), (3, 46, 46), (17, 46, 46), (8, 46, 46), (12, 17, 46), (1, 5, 46), (1, 9, 46), (8, 17, 46), (8, 23, 46)]
예측 개수: 10


[133회차]
당첨번호: [4, 7, 15, 18, 23, 26], 보너스: 13
출현빈도 정렬: [17, 40, 7, 36, 37, 3, 25, 33, 10, 4, 23, 26, 2, 6, 29, 42, 43, 1, 30, 32, 44, 14, 15, 16, 18, 27, 34, 35, 8, 31, 5, 19, 20, 22, 24, 38, 45, 21, 39, 11, 12, 41, 9, 13, 28]
사용한 3개 순위 패턴 10개: [(46, 46, 46), (4, 46, 46), (3, 46, 46), (17, 46, 46), (8, 46, 46), (12, 17, 46), (1, 5, 46), (1, 9, 46), (8, 17, 46), (8, 23, 46)]
예측 개수: 10


[134회차]
당첨번호: [3, 12, 20, 23, 31, 35], 보너스: 43
출현빈도 정렬: [17, 40, 7, 36, 37, 3, 25, 33, 4, 10, 23, 26, 2, 6, 29, 42, 43, 1, 15, 18, 30, 32, 44, 14, 16, 27, 34, 35, 8, 31, 5, 19, 20, 22, 24, 38, 45, 21, 39, 11, 12, 41, 9, 13, 28]
사용한 3개 순위 패턴 10개: [(46, 46, 46), (4, 46, 46), (3, 46, 46), (17, 46, 46), (8, 46, 46), (12, 17, 46), (1, 5, 46), (1, 9, 46), (8, 17, 46), (8, 23, 46)]
예측 개수: 10


[135회차]
당첨번호: [6, 14, 22, 28, 35, 39], 보너스: 16
출현빈도 정렬: [17, 40, 7, 3, 36, 37, 23, 25, 33, 4, 10, 26, 2, 6, 29, 42, 43, 1, 15, 18, 30, 32, 35, 44, 14, 16, 27, 31, 34, 8, 20, 5, 19, 22, 24, 38, 45, 12, 21, 39, 11, 41, 9, 13, 28]
사용한 3개 순위 패턴 10개: [(46, 46, 46), (4, 46, 46), (3, 46, 46), (17, 46, 46), (8, 46, 46), (12, 17, 46), (1, 5, 46), (1, 9, 46), (8, 17, 46), (8, 23, 46)]
예측 개수: 10


[136회차]
당첨번호: [2, 16, 30, 36, 41, 42], 보너스: 11
출현빈도 정렬: [17, 40, 7, 3, 36, 37, 23, 25, 33, 4, 10, 26, 6, 2, 29, 35, 42, 43, 1, 14, 15, 18, 30, 32, 44, 16, 27, 31, 34, 8, 20, 22, 5, 19, 24, 38, 39, 45, 12, 21, 11, 41, 9, 13, 28]
사용한 3개 순위 패턴 10개: [(46, 46, 46), (4, 46, 46), (3, 46, 46), (17, 46, 46), (8, 46, 46), (12, 17, 46), (1, 5, 46), (1, 9, 46), (8, 17, 46), (8, 23, 46)]
예측 개수: 10


[137회차]
당첨번호: [7, 9, 20, 25, 36, 39], 보너스: 15
출현빈도 정렬: [17, 40, 7, 36, 3, 37, 23, 25, 33, 4, 10, 26, 2, 6, 42, 29, 30, 35, 43, 1, 14, 15, 16, 18, 32, 44, 27, 31, 34, 8, 20, 22, 5, 19, 24, 38, 39, 45, 12, 21, 41, 11, 9, 13, 28]
사용한 3개 순위 패턴 10개: [(46, 46, 46), (4, 46, 46), (3, 46, 46), (17, 46, 46), (8, 46, 46), (12, 17, 46), (1, 5, 46), (1, 9, 46), (8, 17, 46), (8, 23, 46)]
예측 개수: 10


[138회차]
당첨번호: [10, 11, 27, 28, 37, 39], 보너스: 19
출현빈도 정렬: [17, 7, 36, 40, 3, 25, 37, 23, 33, 4, 10, 26, 2, 6, 42, 29, 30, 35, 43, 1, 14, 15, 16, 18, 32, 44, 20, 27, 31, 34, 8, 22, 39, 5, 19, 24, 38, 45, 12, 21, 41, 9, 11, 13, 28]
사용한 3개 순위 패턴 10개: [(46, 46, 46), (4, 46, 46), (3, 46, 46), (17, 46, 46), (8, 46, 46), (12, 17, 46), (1, 5, 46), (1, 9, 46), (8, 17, 46), (8, 23, 46)]
예측 개수: 10


[139회차]
당첨번호: [9, 11, 15, 20, 28, 43], 보너스: 13
출현빈도 정렬: [17, 7, 36, 40, 37, 3, 25, 10, 23, 33, 4, 26, 2, 6, 42, 29, 30, 35, 43, 1, 14, 15, 16, 18, 27, 32, 44, 20, 31, 34, 39, 8, 22, 5, 19, 24, 38, 45, 11, 12, 21, 41, 9, 28, 13]
사용한 3개 순위 패턴 10개: [(46, 46, 46), (4, 46, 46), (3, 46, 46), (17, 46, 46), (8, 46, 46), (12, 17, 46), (1, 5, 46), (1, 9, 46), (8, 17, 46), (8, 23, 46)]
예측 개수: 10


[140회차]
당첨번호: [3, 13, 17, 18, 19, 28], 보너스: 8
출현빈도 정렬: [17, 7, 36, 40, 37, 3, 25, 10, 23, 33, 4, 26, 2, 6, 42, 43, 15, 29, 30, 35, 1, 14, 16, 18, 20, 27, 32, 44, 31, 34, 39, 8, 22, 5, 11, 19, 24, 38, 45, 9, 12, 21, 28, 41, 13]
사용한 3개 순위 패턴 10개: [(46, 46, 46), (4, 46, 46), (3, 46, 46), (17, 46, 46), (8, 46, 46), (12, 17, 46), (1, 5, 46), (1, 9, 46), (8, 17, 46), (8, 23, 46)]
예측 개수: 10


[141회차]
당첨번호: [8, 12, 29, 31, 42, 43], 보너스: 2
출현빈도 정렬: [17, 7, 36, 40, 3, 37, 25, 10, 23, 33, 4, 26, 2, 6, 42, 43, 15, 18, 29, 30, 35, 1, 14, 16, 20, 27, 32, 44, 31, 34, 39, 8, 19, 22, 5, 11, 24, 28, 38, 45, 9, 12, 21, 41, 13]
사용한 3개 순위 패턴 10개: [(46, 46, 46), (4, 46, 46), (3, 46, 46), (17, 46, 46), (8, 46, 46), (12, 17, 46), (1, 5, 46), (1, 9, 46), (8, 17, 46), (8, 23, 46)]
예측 개수: 10


[142회차]
당첨번호: [12, 16, 30, 34, 40, 44], 보너스: 19
출현빈도 정렬: [17, 7, 36, 40, 3, 37, 25, 10, 23, 33, 4, 26, 42, 43, 2, 6, 29, 15, 18, 30, 35, 1, 14, 16, 20, 27, 31, 32, 44, 8, 34, 39, 19, 22, 5, 11, 12, 24, 28, 38, 45, 9, 21, 41, 13]
사용한 3개 순위 패턴 10개: [(46, 46, 46), (4, 46, 46), (3, 46, 46), (17, 46, 46), (8, 46, 46), (12, 17, 46), (1, 5, 46), (1, 9, 46), (8, 17, 46), (8, 23, 46)]
예측 개수: 10


[143회차]
당첨번호: [26, 27, 28, 42, 43, 45], 보너스: 8
출현빈도 정렬: [17, 40, 7, 36, 3, 37, 25, 10, 23, 33, 4, 26, 42, 43, 2, 6, 29, 30, 15, 16, 18, 35, 44, 1, 14, 20, 27, 31, 32, 34, 8, 39, 12, 19, 22, 5, 11, 24, 28, 38, 45, 9, 21, 41, 13]
사용한 3개 순위 패턴 10개: [(46, 46, 46), (4, 46, 46), (3, 46, 46), (17, 46, 46), (8, 46, 46), (12, 17, 46), (1, 5, 46), (1, 9, 46), (8, 17, 46), (8, 23, 46)]
예측 개수: 10


[144회차]
당첨번호: [4, 15, 17, 26, 36, 37], 보너스: 43
출현빈도 정렬: [17, 40, 7, 36, 3, 37, 25, 10, 23, 26, 33, 42, 43, 4, 2, 6, 29, 30, 15, 16, 18, 27, 35, 44, 1, 14, 20, 31, 32, 34, 8, 39, 12, 19, 22, 28, 45, 5, 11, 24, 38, 9, 21, 41, 13]
사용한 3개 순위 패턴 10개: [(46, 46, 46), (4, 46, 46), (3, 46, 46), (17, 46, 46), (8, 46, 46), (12, 17, 46), (1, 5, 46), (1, 9, 46), (8, 17, 46), (8, 23, 46)]
예측 개수: 10


[145회차]
당첨번호: [2, 3, 13, 20, 27, 44], 보너스: 9
출현빈도 정렬: [17, 36, 40, 7, 37, 3, 25, 26, 4, 10, 23, 33, 42, 43, 2, 6, 15, 29, 30, 16, 18, 27, 35, 44, 1, 14, 20, 31, 32, 34, 8, 39, 12, 19, 22, 28, 45, 5, 11, 24, 38, 9, 21, 41, 13]
사용한 3개 순위 패턴 10개: [(46, 46, 46), (4, 46, 46), (3, 46, 46), (17, 46, 46), (8, 46, 46), (12, 17, 46), (1, 5, 46), (1, 9, 46), (8, 17, 46), (8, 23, 46)]
예측 개수: 10


[146회차]
당첨번호: [2, 19, 27, 35, 41, 42], 보너스: 25
출현빈도 정렬: [17, 36, 40, 3, 7, 37, 25, 26, 4, 10, 23, 33, 42, 43, 2, 6, 15, 27, 29, 30, 44, 16, 18, 20, 35, 1, 14, 31, 32, 34, 8, 39, 12, 19, 22, 28, 45, 5, 11, 24, 38, 9, 13, 21, 41]
사용한 3개 순위 패턴 10개: [(46, 46, 46), (4, 46, 46), (3, 46, 46), (17, 46, 46), (8, 46, 46), (12, 17, 46), (1, 5, 46), (1, 9, 46), (8, 17, 46), (8, 23, 46)]
예측 개수: 10


[147회차]
당첨번호: [4, 6, 13, 21, 40, 42], 보너스: 36
출현빈도 정렬: [17, 36, 40, 3, 7, 37, 25, 26, 42, 2, 4, 10, 23, 33, 43, 27, 6, 15, 29, 30, 35, 44, 16, 18, 20, 1, 14, 31, 32, 34, 8, 19, 39, 12, 22, 28, 45, 5, 11, 24, 38, 41, 9, 13, 21]
사용한 3개 순위 패턴 10개: [(46, 46, 46), (4, 46, 46), (3, 46, 46), (17, 46, 46), (8, 46, 46), (12, 17, 46), (1, 5, 46), (1, 9, 46), (8, 17, 46), (8, 23, 46)]
예측 개수: 10


[148회차]
당첨번호: [21, 25, 33, 34, 35, 36], 보너스: 17
출현빈도 정렬: [17, 40, 36, 3, 7, 37, 42, 4, 25, 26, 2, 10, 23, 33, 43, 6, 27, 15, 29, 30, 35, 44, 16, 18, 20, 1, 14, 31, 32, 34, 8, 19, 39, 12, 22, 28, 45, 5, 11, 13, 21, 24, 38, 41, 9]
사용한 3개 순위 패턴 10개: [(46, 46, 46), (4, 46, 46), (3, 46, 46), (17, 46, 46), (8, 46, 46), (12, 17, 46), (1, 5, 46), (1, 9, 46), (8, 17, 46), (8, 23, 46)]
예측 개수: 10


[149회차]
당첨번호: [2, 11, 21, 34, 41, 42], 보너스: 27
출현빈도 정렬: [17, 36, 40, 3, 7, 37, 25, 42, 4, 26, 33, 2, 10, 23, 43, 6, 27, 35, 15, 29, 30, 44, 16, 18, 20, 34, 1, 14, 31, 32, 8, 19, 39, 12, 21, 22, 28, 45, 5, 11, 13, 24, 38, 41, 9]
사용한 3개 순위 패턴 10개: [(46, 46, 46), (4, 46, 46), (3, 46, 46), (17, 46, 46), (8, 46, 46), (12, 17, 46), (1, 5, 46), (1, 9, 46), (8, 17, 46), (8, 23, 46)]
예측 개수: 10


[150회차]
당첨번호: [2, 18, 25, 28, 37, 39], 보너스: 16
출현빈도 정렬: [17, 36, 40, 3, 7, 37, 42, 25, 2, 4, 26, 33, 10, 23, 43, 6, 27, 35, 15, 29, 30, 34, 44, 16, 18, 20, 1, 14, 31, 32, 8, 19, 21, 39, 11, 12, 22, 28, 41, 45, 5, 13, 24, 38, 9]
사용한 3개 순위 패턴 10개: [(46, 46, 46), (4, 46, 46), (3, 46, 46), (17, 46, 46), (8, 46, 46), (12, 17, 46), (1, 5, 46), (1, 9, 46), (8, 17, 46), (8, 23, 46)]
예측 개수: 10


[151회차]
당첨번호: [1, 2, 10, 13, 18, 19], 보너스: 15
출현빈도 정렬: [17, 36, 40, 37, 3, 7, 25, 42, 2, 4, 26, 33, 10, 23, 43, 6, 27, 35, 15, 18, 29, 30, 34, 44, 16, 20, 1, 14, 31, 32, 39, 8, 19, 21, 28, 11, 12, 22, 41, 45, 5, 13, 24, 38, 9]
사용한 3개 순위 패턴 10개: [(46, 46, 46), (4, 46, 46), (3, 46, 46), (17, 46, 46), (8, 46, 46), (12, 17, 46), (1, 5, 46), (1, 9, 46), (8, 17, 46), (8, 23, 46)]
예측 개수: 10


[152회차]
당첨번호: [1, 5, 13, 26, 29, 34], 보너스: 43
출현빈도 정렬: [17, 36, 40, 37, 2, 3, 7, 25, 42, 4, 10, 26, 33, 23, 43, 6, 18, 27, 35, 15, 29, 30, 34, 44, 1, 16, 20, 14, 19, 31, 32, 39, 8, 21, 28, 11, 12, 13, 22, 41, 45, 5, 24, 38, 9]
사용한 3개 순위 패턴 10개: [(46, 46, 46), (4, 46, 46), (3, 46, 46), (17, 46, 46), (8, 46, 46), (12, 17, 46), (1, 5, 46), (1, 9, 46), (8, 17, 46), (8, 23, 46)]
예측 개수: 10


[153회차]
당첨번호: [3, 8, 11, 12, 13, 36], 보너스: 33
출현빈도 정렬: [17, 36, 40, 37, 2, 3, 7, 25, 42, 26, 4, 10, 33, 23, 43, 6, 18, 27, 29, 34, 35, 1, 15, 30, 44, 16, 20, 14, 19, 31, 32, 39, 8, 13, 21, 28, 5, 11, 12, 22, 41, 45, 24, 38, 9]
사용한 3개 순위 패턴 10개: [(46, 46, 46), (4, 46, 46), (3, 46, 46), (17, 46, 46), (8, 46, 46), (12, 17, 46), (1, 5, 46), (1, 9, 46), (8, 17, 46), (8, 23, 46)]
예측 개수: 10


[154회차]
당첨번호: [6, 19, 21, 35, 40, 45], 보너스: 20
출현빈도 정렬: [17, 36, 40, 3, 37, 2, 7, 25, 42, 26, 4, 10, 33, 23, 43, 6, 18, 27, 29, 34, 35, 1, 15, 30, 44, 16, 20, 8, 13, 14, 19, 31, 32, 39, 11, 12, 21, 28, 5, 22, 41, 45, 24, 38, 9]
사용한 3개 순위 패턴 10개: [(46, 46, 46), (4, 46, 46), (3, 46, 46), (17, 46, 46), (8, 46, 46), (12, 17, 46), (1, 5, 46), (1, 9, 46), (8, 17, 46), (8, 23, 46)]
예측 개수: 10


[155회차]
당첨번호: [16, 19, 20, 32, 33, 41], 보너스: 4
출현빈도 정렬: [17, 36, 40, 3, 37, 2, 7, 25, 42, 26, 4, 10, 33, 6, 23, 35, 43, 18, 27, 29, 34, 1, 15, 30, 44, 16, 19, 20, 8, 13, 14, 21, 31, 32, 39, 11, 12, 28, 45, 5, 22, 41, 24, 38, 9]
사용한 3개 순위 패턴 10개: [(46, 46, 46), (4, 46, 46), (3, 46, 46), (17, 46, 46), (8, 46, 46), (12, 17, 46), (1, 5, 46), (1, 9, 46), (8, 17, 46), (8, 23, 46)]
예측 개수: 10


[156회차]
당첨번호: [5, 18, 28, 30, 42, 45], 보너스: 2
출현빈도 정렬: [17, 36, 40, 3, 37, 2, 7, 25, 42, 26, 33, 4, 10, 6, 23, 35, 43, 18, 27, 29, 34, 1, 15, 16, 19, 20, 30, 44, 32, 8, 13, 14, 21, 31, 39, 11, 12, 28, 41, 45, 5, 22, 24, 38, 9]
사용한 3개 순위 패턴 10개: [(46, 46, 46), (4, 46, 46), (3, 46, 46), (17, 46, 46), (8, 46, 46), (12, 17, 46), (1, 5, 46), (1, 9, 46), (8, 17, 46), (8, 23, 46)]
예측 개수: 10


[157회차]
당첨번호: [19, 26, 30, 33, 35, 39], 보너스: 37
출현빈도 정렬: [17, 36, 40, 3, 37, 42, 2, 7, 25, 26, 33, 4, 10, 6, 18, 23, 35, 43, 27, 29, 30, 34, 1, 15, 16, 19, 20, 44, 32, 8, 13, 14, 21, 28, 31, 39, 45, 5, 11, 12, 41, 22, 24, 38, 9]
사용한 3개 순위 패턴 10개: [(46, 46, 46), (4, 46, 46), (3, 46, 46), (17, 46, 46), (8, 46, 46), (12, 17, 46), (1, 5, 46), (1, 9, 46), (8, 17, 46), (8, 23, 46)]
예측 개수: 10


[158회차]
당첨번호: [4, 9, 13, 18, 21, 34], 보너스: 7
출현빈도 정렬: [17, 36, 40, 3, 37, 42, 2, 7, 25, 26, 33, 4, 10, 35, 6, 18, 23, 30, 43, 19, 27, 29, 34, 1, 15, 16, 20, 44, 32, 39, 8, 13, 14, 21, 28, 31, 45, 5, 11, 12, 41, 22, 24, 38, 9]
사용한 3개 순위 패턴 10개: [(46, 46, 46), (4, 46, 46), (3, 46, 46), (17, 46, 46), (8, 46, 46), (12, 17, 46), (1, 5, 46), (1, 9, 46), (8, 17, 46), (8, 23, 46)]
예측 개수: 10


[159회차]
당첨번호: [1, 18, 30, 41, 42, 43], 보너스: 32
출현빈도 정렬: [17, 36, 40, 3, 37, 42, 2, 7, 25, 26, 33, 4, 10, 18, 35, 6, 23, 30, 34, 43, 19, 27, 29, 1, 15, 16, 20, 44, 13, 21, 32, 39, 8, 14, 28, 31, 45, 5, 11, 12, 41, 22, 9, 24, 38]
사용한 3개 순위 패턴 10개: [(46, 46, 46), (4, 46, 46), (3, 46, 46), (17, 46, 46), (8, 46, 46), (12, 17, 46), (1, 5, 46), (1, 9, 46), (8, 17, 46), (8, 23, 46)]
예측 개수: 10


[160회차]
당첨번호: [3, 7, 8, 34, 39, 41], 보너스: 1
출현빈도 정렬: [17, 36, 40, 42, 3, 37, 2, 7, 25, 26, 33, 4, 18, 10, 30, 35, 43, 6, 23, 34, 1, 19, 27, 29, 15, 16, 20, 44, 13, 21, 32, 39, 8, 14, 28, 31, 41, 45, 5, 11, 12, 22, 9, 24, 38]
사용한 3개 순위 패턴 10개: [(46, 46, 46), (4, 46, 46), (3, 46, 46), (17, 46, 46), (8, 46, 46), (12, 17, 46), (1, 5, 46), (1, 9, 46), (8, 17, 46), (8, 23, 46)]
예측 개수: 10


[161회차]
당첨번호: [22, 34, 36, 40, 42, 45], 보너스: 44
출현빈도 정렬: [17, 36, 40, 3, 42, 7, 37, 2, 25, 26, 33, 4, 18, 10, 30, 34, 35, 43, 6, 23, 1, 19, 27, 29, 15, 16, 20, 39, 44, 8, 13, 21, 32, 41, 14, 28, 31, 45, 5, 11, 12, 22, 9, 24, 38]
사용한 3개 순위 패턴 10개: [(46, 46, 46), (4, 46, 46), (3, 46, 46), (17, 46, 46), (8, 46, 46), (12, 17, 46), (1, 5, 46), (1, 9, 46), (8, 17, 46), (8, 23, 46)]
예측 개수: 10


[162회차]
당첨번호: [1, 5, 21, 25, 38, 41], 보너스: 24
출현빈도 정렬: [36, 40, 17, 42, 3, 7, 37, 2, 25, 26, 33, 4, 18, 34, 10, 30, 35, 43, 6, 23, 1, 19, 27, 29, 15, 16, 20, 39, 44, 8, 13, 21, 32, 41, 45, 14, 28, 31, 5, 11, 12, 22, 9, 24, 38]
사용한 3개 순위 패턴 10개: [(46, 46, 46), (4, 46, 46), (3, 46, 46), (17, 46, 46), (8, 46, 46), (12, 17, 46), (1, 5, 46), (1, 9, 46), (8, 17, 46), (8, 23, 46)]
예측 개수: 10


[163회차]
당첨번호: [7, 11, 26, 28, 29, 44], 보너스: 16
출현빈도 정렬: [36, 40, 17, 42, 3, 7, 25, 37, 2, 26, 33, 4, 18, 34, 10, 30, 35, 43, 1, 6, 23, 19, 27, 29, 15, 16, 20, 21, 39, 41, 44, 8, 13, 32, 45, 5, 14, 28, 31, 11, 12, 22, 38, 9, 24]
사용한 3개 순위 패턴 10개: [(46, 46, 46), (4, 46, 46), (3, 46, 46), (17, 46, 46), (8, 46, 46), (12, 17, 46), (1, 5, 46), (1, 9, 46), (8, 17, 46), (8, 23, 46)]
예측 개수: 10


[164회차]
당첨번호: [6, 9, 10, 11, 39, 41], 보너스: 27
출현빈도 정렬: [36, 40, 17, 42, 3, 7, 25, 26, 37, 2, 33, 4, 18, 34, 10, 30, 35, 43, 1, 6, 23, 29, 19, 27, 44, 15, 16, 20, 21, 39, 41, 8, 13, 28, 32, 45, 5, 11, 14, 31, 12, 22, 38, 9, 24]
사용한 3개 순위 패턴 10개: [(46, 46, 46), (4, 46, 46), (3, 46, 46), (17, 46, 46), (8, 46, 46), (12, 17, 46), (1, 5, 46), (1, 9, 46), (8, 17, 46), (8, 23, 46)]
예측 개수: 10


[165회차]
당첨번호: [5, 13, 18, 19, 22, 42], 보너스: 31
출현빈도 정렬: [36, 40, 17, 42, 3, 7, 25, 26, 37, 2, 33, 4, 10, 18, 34, 6, 30, 35, 43, 1, 23, 29, 19, 27, 39, 41, 44, 15, 16, 20, 21, 8, 11, 13, 28, 32, 45, 5, 14, 31, 12, 22, 9, 38, 24]
사용한 3개 순위 패턴 10개: [(46, 46, 46), (4, 46, 46), (3, 46, 46), (17, 46, 46), (8, 46, 46), (12, 17, 46), (1, 5, 46), (1, 9, 46), (8, 17, 46), (8, 23, 46)]
예측 개수: 10


[166회차]
당첨번호: [9, 12, 27, 36, 39, 45], 보너스: 14
출현빈도 정렬: [36, 40, 42, 17, 3, 7, 25, 26, 37, 2, 18, 33, 4, 10, 34, 6, 30, 35, 43, 1, 19, 23, 29, 27, 39, 41, 44, 13, 15, 16, 20, 21, 5, 8, 11, 28, 32, 45, 14, 22, 31, 12, 9, 38, 24]
사용한 3개 순위 패턴 10개: [(46, 46, 46), (4, 46, 46), (3, 46, 46), (17, 46, 46), (8, 46, 46), (12, 17, 46), (1, 5, 46), (1, 9, 46), (8, 17, 46), (8, 23, 46)]
예측 개수: 10


[167회차]
당첨번호: [24, 27, 28, 30, 36, 39], 보너스: 4
출현빈도 정렬: [36, 40, 42, 17, 3, 7, 25, 26, 37, 2, 18, 33, 4, 10, 34, 6, 30, 35, 43, 1, 19, 23, 27, 29, 39, 41, 44, 13, 15, 16, 20, 21, 45, 5, 8, 11, 28, 32, 12, 14, 22, 31, 9, 38, 24]
사용한 3개 순위 패턴 10개: [(46, 46, 46), (4, 46, 46), (3, 46, 46), (17, 46, 46), (8, 46, 46), (12, 17, 46), (1, 5, 46), (1, 9, 46), (8, 17, 46), (8, 23, 46)]
예측 개수: 10


[168회차]
당첨번호: [3, 10, 31, 40, 42, 43], 보너스: 30
출현빈도 정렬: [36, 40, 42, 17, 3, 7, 25, 26, 37, 2, 18, 33, 4, 10, 30, 34, 6, 27, 35, 39, 43, 1, 19, 23, 29, 41, 44, 13, 15, 16, 20, 21, 28, 45, 5, 8, 11, 32, 12, 14, 22, 31, 9, 24, 38]
사용한 3개 순위 패턴 10개: [(46, 46, 46), (4, 46, 46), (3, 46, 46), (17, 46, 46), (8, 46, 46), (12, 17, 46), (1, 5, 46), (1, 9, 46), (8, 17, 46), (8, 23, 46)]
예측 개수: 10


[169회차]
당첨번호: [16, 27, 35, 37, 43, 45], 보너스: 19
출현빈도 정렬: [36, 40, 42, 3, 17, 7, 25, 26, 37, 2, 10, 18, 33, 4, 30, 34, 43, 6, 27, 35, 39, 1, 19, 23, 29, 41, 44, 13, 15, 16, 20, 21, 28, 45, 5, 8, 11, 31, 32, 12, 14, 22, 9, 24, 38]
사용한 3개 순위 패턴 10개: [(46, 46, 46), (4, 46, 46), (3, 46, 46), (17, 46, 46), (8, 46, 46), (12, 17, 46), (1, 5, 46), (1, 9, 46), (8, 17, 46), (8, 23, 46)]
예측 개수: 10


[170회차]
당첨번호: [2, 11, 13, 15, 31, 42], 보너스: 10
출현빈도 정렬: [36, 40, 42, 3, 17, 7, 37, 25, 26, 2, 10, 18, 33, 43, 4, 27, 30, 34, 35, 6, 39, 1, 19, 23, 29, 16, 41, 44, 45, 13, 15, 20, 21, 28, 5, 8, 11, 31, 32, 12, 14, 22, 9, 24, 38]
사용한 3개 순위 패턴 10개: [(46, 46, 46), (4, 46, 46), (3, 46, 46), (17, 46, 46), (8, 46, 46), (12, 17, 46), (1, 5, 46), (1, 9, 46), (8, 17, 46), (8, 23, 46)]
예측 개수: 10


[171회차]
당첨번호: [4, 16, 25, 29, 34, 35], 보너스: 1
출현빈도 정렬: [36, 42, 40, 3, 17, 7, 37, 2, 25, 26, 10, 18, 33, 43, 4, 27, 30, 34, 35, 6, 39, 1, 19, 23, 29, 13, 15, 16, 41, 44, 45, 11, 20, 21, 28, 31, 5, 8, 32, 12, 14, 22, 9, 24, 38]
사용한 3개 순위 패턴 10개: [(46, 46, 46), (4, 46, 46), (3, 46, 46), (17, 46, 46), (8, 46, 46), (12, 17, 46), (1, 5, 46), (1, 9, 46), (8, 17, 46), (8, 23, 46)]
예측 개수: 10


[172회차]
당첨번호: [4, 19, 21, 24, 26, 41], 보너스: 35
출현빈도 정렬: [36, 42, 40, 3, 17, 7, 25, 37, 2, 26, 4, 10, 18, 33, 34, 35, 43, 27, 30, 6, 29, 39, 1, 16, 19, 23, 13, 15, 41, 44, 45, 11, 20, 21, 28, 31, 5, 8, 32, 12, 14, 22, 9, 24, 38]
사용한 3개 순위 패턴 10개: [(46, 46, 46), (4, 46, 46), (3, 46, 46), (17, 46, 46), (8, 46, 46), (12, 17, 46), (1, 5, 46), (1, 9, 46), (8, 17, 46), (8, 23, 46)]
예측 개수: 10


[173회차]
당첨번호: [3, 9, 24, 30, 33, 34], 보너스: 18
출현빈도 정렬: [36, 42, 40, 3, 17, 7, 25, 26, 37, 2, 4, 10, 18, 33, 34, 35, 43, 27, 30, 6, 19, 29, 39, 1, 16, 23, 41, 13, 15, 21, 44, 45, 11, 20, 28, 31, 5, 8, 32, 12, 14, 22, 9, 24, 38]
사용한 3개 순위 패턴 10개: [(46, 46, 46), (4, 46, 46), (3, 46, 46), (17, 46, 46), (8, 46, 46), (12, 17, 46), (1, 5, 46), (1, 9, 46), (8, 17, 46), (8, 23, 46)]
예측 개수: 10


[174회차]
당첨번호: [13, 14, 18, 22, 35, 39], 보너스: 16
출현빈도 정렬: [36, 42, 40, 3, 17, 7, 25, 26, 37, 2, 4, 33, 34, 10, 18, 30, 35, 43, 27, 6, 19, 29, 39, 1, 16, 23, 41, 13, 15, 21, 44, 45, 11, 20, 28, 31, 5, 8, 32, 9, 12, 14, 22, 24, 38]
사용한 3개 순위 패턴 10개: [(46, 46, 46), (4, 46, 46), (3, 46, 46), (17, 46, 46), (8, 46, 46), (12, 17, 46), (1, 5, 46), (1, 9, 46), (8, 17, 46), (8, 23, 46)]
예측 개수: 10


[175회차]
당첨번호: [19, 26, 28, 31, 33, 36], 보너스: 17
출현빈도 정렬: [36, 42, 40, 3, 17, 7, 25, 26, 37, 2, 4, 18, 33, 34, 35, 10, 30, 43, 27, 39, 6, 19, 29, 1, 13, 16, 23, 41, 15, 21, 44, 45, 11, 20, 28, 31, 5, 8, 14, 22, 32, 9, 12, 24, 38]
사용한 3개 순위 패턴 10개: [(46, 46, 46), (4, 46, 46), (3, 46, 46), (17, 46, 46), (8, 46, 46), (12, 17, 46), (1, 5, 46), (1, 9, 46), (8, 17, 46), (8, 23, 46)]
예측 개수: 10


[176회차]
당첨번호: [4, 17, 30, 32, 33, 34], 보너스: 15
출현빈도 정렬: [36, 42, 40, 3, 17, 26, 7, 25, 33, 37, 2, 4, 18, 34, 35, 10, 30, 43, 19, 27, 39, 6, 29, 1, 13, 16, 23, 41, 15, 21, 28, 31, 44, 45, 11, 20, 5, 8, 14, 22, 32, 9, 12, 24, 38]
사용한 3개 순위 패턴 10개: [(46, 46, 46), (4, 46, 46), (3, 46, 46), (17, 46, 46), (8, 46, 46), (12, 17, 46), (1, 5, 46), (1, 9, 46), (8, 17, 46), (8, 23, 46)]
예측 개수: 10


[177회차]
당첨번호: [1, 10, 13, 16, 37, 43], 보너스: 6
출현빈도 정렬: [36, 42, 40, 3, 17, 26, 33, 4, 7, 25, 34, 37, 2, 18, 30, 35, 10, 43, 19, 27, 39, 6, 29, 1, 13, 16, 23, 41, 15, 21, 28, 31, 44, 45, 11, 20, 32, 5, 8, 14, 22, 9, 12, 24, 38]
사용한 3개 순위 패턴 10개: [(46, 46, 46), (4, 46, 46), (3, 46, 46), (17, 46, 46), (8, 46, 46), (12, 17, 46), (1, 5, 46), (1, 9, 46), (8, 17, 46), (8, 23, 46)]
예측 개수: 10


[178회차]
당첨번호: [1, 5, 11, 12, 18, 23], 보너스: 9
출현빈도 정렬: [36, 42, 40, 3, 17, 26, 33, 37, 4, 7, 25, 34, 2, 10, 18, 30, 35, 43, 19, 27, 39, 1, 6, 13, 16, 29, 23, 41, 15, 21, 28, 31, 44, 45, 11, 20, 32, 5, 8, 14, 22, 9, 12, 24, 38]
사용한 3개 순위 패턴 10개: [(46, 46, 46), (4, 46, 46), (3, 46, 46), (17, 46, 46), (8, 46, 46), (12, 17, 46), (1, 5, 46), (1, 9, 46), (8, 17, 46), (8, 23, 46)]
예측 개수: 10


[179회차]
당첨번호: [5, 9, 17, 25, 39, 43], 보너스: 32
출현빈도 정렬: [36, 42, 40, 3, 17, 26, 33, 37, 4, 7, 18, 25, 34, 2, 10, 30, 35, 43, 1, 19, 27, 39, 6, 13, 16, 23, 29, 41, 11, 15, 21, 28, 31, 44, 45, 5, 20, 32, 8, 12, 14, 22, 9, 24, 38]
사용한 3개 순위 패턴 10개: [(46, 46, 46), (4, 46, 46), (3, 46, 46), (17, 46, 46), (8, 46, 46), (12, 17, 46), (1, 5, 46), (1, 9, 46), (8, 17, 46), (8, 23, 46)]
예측 개수: 10


[180회차]
당첨번호: [2, 15, 20, 21, 29, 34], 보너스: 22
출현빈도 정렬: [36, 42, 17, 40, 3, 25, 26, 33, 37, 4, 7, 18, 34, 43, 2, 10, 30, 35, 39, 1, 19, 27, 6, 13, 16, 23, 29, 41, 5, 11, 15, 21, 28, 31, 44, 45, 20, 32, 8, 9, 12, 14, 22, 24, 38]
사용한 3개 순위 패턴 10개: [(46, 46, 46), (4, 46, 46), (3, 46, 46), (17, 46, 46), (8, 46, 46), (12, 17, 46), (1, 5, 46), (1, 9, 46), (8, 17, 46), (8, 23, 46)]
예측 개수: 10


[181회차]
당첨번호: [14, 21, 23, 32, 40, 45], 보너스: 44
출현빈도 정렬: [36, 42, 17, 40, 3, 25, 26, 33, 34, 37, 2, 4, 7, 18, 43, 10, 30, 35, 39, 1, 19, 27, 29, 6, 13, 16, 23, 15, 21, 41, 5, 11, 20, 28, 31, 44, 45, 32, 8, 9, 12, 14, 22, 24, 38]
사용한 3개 순위 패턴 10개: [(46, 46, 46), (4, 46, 46), (3, 46, 46), (17, 46, 46), (8, 46, 46), (12, 17, 46), (1, 5, 46), (1, 9, 46), (8, 17, 46), (8, 23, 46)]
예측 개수: 10


[182회차]
당첨번호: [13, 15, 27, 29, 34, 40], 보너스: 35
출현빈도 정렬: [36, 40, 42, 17, 3, 25, 26, 33, 34, 37, 2, 4, 7, 18, 43, 10, 30, 35, 39, 1, 19, 23, 27, 29, 6, 13, 16, 21, 15, 41, 45, 5, 11, 20, 28, 31, 32, 44, 14, 8, 9, 12, 22, 24, 38]
사용한 3개 순위 패턴 10개: [(46, 46, 46), (4, 46, 46), (3, 46, 46), (17, 46, 46), (8, 46, 46), (12, 17, 46), (1, 5, 46), (1, 9, 46), (8, 17, 46), (8, 23, 46)]
예측 개수: 10


[183회차]
당첨번호: [2, 18, 24, 34, 40, 42], 보너스: 5
출현빈도 정렬: [36, 40, 42, 17, 3, 34, 25, 26, 33, 37, 2, 4, 7, 18, 43, 10, 30, 35, 27, 29, 39, 1, 13, 19, 23, 6, 15, 16, 21, 41, 45, 5, 11, 20, 28, 31, 32, 44, 14, 8, 9, 12, 22, 24, 38]
사용한 3개 순위 패턴 10개: [(46, 46, 46), (4, 46, 46), (3, 46, 46), (17, 46, 46), (8, 46, 46), (12, 17, 46), (1, 5, 46), (1, 9, 46), (8, 17, 46), (8, 23, 46)]
예측 개수: 10


[184회차]
당첨번호: [1, 2, 6, 16, 20, 33], 보너스: 41
출현빈도 정렬: [40, 36, 42, 17, 34, 3, 2, 18, 25, 26, 33, 37, 4, 7, 43, 10, 30, 35, 27, 29, 39, 1, 13, 19, 23, 6, 15, 16, 21, 41, 45, 5, 11, 20, 28, 31, 32, 44, 14, 8, 9, 12, 22, 24, 38]
사용한 3개 순위 패턴 10개: [(46, 46, 46), (4, 46, 46), (3, 46, 46), (17, 46, 46), (8, 46, 46), (12, 17, 46), (1, 5, 46), (1, 9, 46), (8, 17, 46), (8, 23, 46)]
예측 개수: 10


[185회차]
당첨번호: [1, 2, 4, 8, 19, 38], 보너스: 14
출현빈도 정렬: [40, 36, 42, 17, 34, 2, 3, 33, 18, 25, 26, 37, 4, 7, 43, 10, 30, 35, 1, 27, 29, 39, 6, 13, 16, 19, 23, 15, 21, 20, 41, 45, 5, 11, 28, 31, 32, 44, 14, 8, 9, 12, 22, 24, 38]
사용한 3개 순위 패턴 10개: [(46, 46, 46), (4, 46, 46), (3, 46, 46), (17, 46, 46), (8, 46, 46), (12, 17, 46), (1, 5, 46), (1, 9, 46), (8, 17, 46), (8, 23, 46)]
예측 개수: 10


[186회차]
당첨번호: [4, 10, 14, 19, 21, 45], 보너스: 9
출현빈도 정렬: [40, 36, 42, 2, 17, 34, 3, 33, 4, 18, 25, 26, 37, 7, 43, 1, 10, 30, 35, 19, 27, 29, 39, 6, 13, 16, 23, 15, 21, 20, 41, 45, 5, 11, 28, 31, 32, 44, 8, 14, 9, 12, 22, 24, 38]
사용한 3개 순위 패턴 10개: [(46, 46, 46), (4, 46, 46), (3, 46, 46), (17, 46, 46), (8, 46, 46), (12, 17, 46), (1, 5, 46), (1, 9, 46), (8, 17, 46), (8, 23, 46)]
예측 개수: 10


[187회차]
당첨번호: [1, 2, 8, 18, 29, 38], 보너스: 42
출현빈도 정렬: [40, 36, 42, 2, 17, 34, 3, 4, 33, 18, 25, 26, 37, 7, 10, 43, 1, 19, 30, 35, 27, 29, 39, 6, 13, 16, 21, 23, 15, 45, 20, 41, 5, 11, 14, 28, 31, 32, 44, 8, 9, 12, 22, 24, 38]
사용한 3개 순위 패턴 10개: [(46, 46, 46), (4, 46, 46), (3, 46, 46), (17, 46, 46), (8, 46, 46), (12, 17, 46), (1, 5, 46), (1, 9, 46), (8, 17, 46), (8, 23, 46)]
예측 개수: 10


[188회차]
당첨번호: [19, 24, 27, 30, 31, 34], 보너스: 36
출현빈도 정렬: [40, 36, 42, 2, 17, 34, 3, 4, 18, 33, 25, 26, 37, 1, 7, 10, 43, 19, 29, 30, 35, 27, 39, 6, 13, 16, 21, 23, 15, 45, 20, 41, 5, 8, 11, 14, 28, 31, 32, 44, 9, 12, 22, 24, 38]
사용한 3개 순위 패턴 10개: [(46, 46, 46), (4, 46, 46), (3, 46, 46), (17, 46, 46), (8, 46, 46), (12, 17, 46), (1, 5, 46), (1, 9, 46), (8, 17, 46), (8, 23, 46)]
예측 개수: 10


[189회차]
당첨번호: [8, 14, 32, 35, 37, 45], 보너스: 28
출현빈도 정렬: [40, 36, 42, 2, 34, 17, 3, 4, 18, 33, 25, 26, 37, 1, 7, 10, 19, 30, 43, 27, 29, 35, 39, 6, 13, 16, 21, 23, 15, 45, 20, 31, 41, 5, 8, 11, 14, 28, 32, 44, 24, 9, 12, 22, 38]
사용한 3개 순위 패턴 10개: [(46, 46, 46), (4, 46, 46), (3, 46, 46), (17, 46, 46), (8, 46, 46), (12, 17, 46), (1, 5, 46), (1, 9, 46), (8, 17, 46), (8, 23, 46)]
예측 개수: 10


[190회차]
당첨번호: [8, 14, 18, 30, 31, 44], 보너스: 15
출현빈도 정렬: [40, 36, 42, 2, 34, 17, 3, 4, 18, 33, 37, 25, 26, 1, 7, 10, 19, 30, 35, 43, 27, 29, 39, 6, 13, 16, 21, 23, 45, 15, 8, 14, 20, 31, 32, 41, 5, 11, 28, 44, 24, 9, 12, 22, 38]
사용한 3개 순위 패턴 10개: [(46, 46, 46), (4, 46, 46), (3, 46, 46), (17, 46, 46), (8, 46, 46), (12, 17, 46), (1, 5, 46), (1, 9, 46), (8, 17, 46), (8, 23, 46)]
예측 개수: 10


[191회차]
당첨번호: [5, 6, 24, 25, 32, 37], 보너스: 8
출현빈도 정렬: [40, 36, 42, 2, 34, 17, 18, 3, 4, 33, 37, 25, 26, 30, 1, 7, 10, 19, 35, 43, 27, 29, 39, 6, 13, 16, 21, 23, 45, 8, 14, 15, 31, 20, 32, 41, 44, 5, 11, 28, 24, 9, 12, 22, 38]
사용한 3개 순위 패턴 10개: [(46, 46, 46), (4, 46, 46), (3, 46, 46), (17, 46, 46), (8, 46, 46), (12, 17, 46), (1, 5, 46), (1, 9, 46), (8, 17, 46), (8, 23, 46)]
예측 개수: 10


[192회차]
당첨번호: [4, 8, 11, 18, 37, 45], 보너스: 33
출현빈도 정렬: [40, 36, 42, 2, 34, 17, 18, 37, 3, 4, 25, 33, 26, 30, 1, 7, 10, 19, 35, 43, 27, 29, 6, 39, 13, 16, 21, 23, 45, 8, 14, 15, 31, 32, 5, 20, 41, 44, 11, 24, 28, 9, 12, 22, 38]
사용한 3개 순위 패턴 10개: [(46, 46, 46), (4, 46, 46), (3, 46, 46), (17, 46, 46), (8, 46, 46), (12, 17, 46), (1, 5, 46), (1, 9, 46), (8, 17, 46), (8, 23, 46)]
예측 개수: 10


[193회차]
당첨번호: [6, 14, 18, 26, 36, 39], 보너스: 13
출현빈도 정렬: [40, 36, 42, 2, 18, 34, 37, 4, 17, 3, 25, 33, 26, 30, 1, 7, 10, 19, 35, 43, 27, 29, 6, 39, 45, 8, 13, 16, 21, 23, 14, 15, 31, 32, 5, 11, 20, 41, 44, 24, 28, 9, 12, 22, 38]
사용한 3개 순위 패턴 10개: [(46, 46, 46), (4, 46, 46), (3, 46, 46), (17, 46, 46), (8, 46, 46), (12, 17, 46), (1, 5, 46), (1, 9, 46), (8, 17, 46), (8, 23, 46)]
예측 개수: 10


[194회차]
당첨번호: [15, 20, 23, 26, 39, 44], 보너스: 28
출현빈도 정렬: [36, 40, 18, 42, 2, 34, 37, 4, 17, 3, 25, 26, 33, 30, 1, 7, 10, 19, 35, 43, 6, 27, 29, 39, 45, 8, 13, 14, 16, 21, 23, 15, 31, 32, 5, 11, 20, 41, 44, 24, 28, 9, 12, 22, 38]
사용한 3개 순위 패턴 10개: [(46, 46, 46), (4, 46, 46), (3, 46, 46), (17, 46, 46), (8, 46, 46), (12, 17, 46), (1, 5, 46), (1, 9, 46), (8, 17, 46), (8, 23, 46)]
예측 개수: 10


[195회차]
당첨번호: [7, 10, 19, 22, 35, 40], 보너스: 31
출현빈도 정렬: [36, 40, 18, 42, 2, 34, 37, 4, 17, 26, 3, 25, 33, 30, 1, 7, 10, 19, 35, 39, 43, 6, 27, 29, 23, 45, 8, 13, 14, 15, 16, 21, 20, 31, 32, 44, 5, 11, 41, 24, 28, 9, 12, 22, 38]
사용한 3개 순위 패턴 10개: [(46, 46, 46), (4, 46, 46), (3, 46, 46), (17, 46, 46), (8, 46, 46), (12, 17, 46), (1, 5, 46), (1, 9, 46), (8, 17, 46), (8, 23, 46)]
예측 개수: 10


[196회차]
당첨번호: [35, 36, 37, 41, 44, 45], 보너스: 30
출현빈도 정렬: [40, 36, 18, 42, 2, 34, 37, 4, 17, 26, 3, 25, 33, 7, 10, 19, 30, 35, 1, 39, 43, 6, 27, 29, 23, 45, 8, 13, 14, 15, 16, 21, 20, 31, 32, 44, 5, 11, 41, 24, 28, 22, 9, 12, 38]
사용한 3개 순위 패턴 10개: [(46, 46, 46), (4, 46, 46), (3, 46, 46), (17, 46, 46), (8, 46, 46), (12, 17, 46), (1, 5, 46), (1, 9, 46), (8, 17, 46), (8, 23, 46)]
예측 개수: 10


[197회차]
당첨번호: [7, 12, 16, 34, 42, 45], 보너스: 4
출현빈도 정렬: [36, 40, 18, 37, 42, 2, 34, 4, 17, 26, 3, 25, 33, 35, 7, 10, 19, 30, 1, 39, 43, 6, 27, 29, 45, 23, 8, 13, 14, 15, 16, 21, 44, 20, 31, 32, 41, 5, 11, 24, 28, 22, 9, 12, 38]
사용한 3개 순위 패턴 10개: [(46, 46, 46), (4, 46, 46), (3, 46, 46), (17, 46, 46), (8, 46, 46), (12, 17, 46), (1, 5, 46), (1, 9, 46), (8, 17, 46), (8, 23, 46)]
예측 개수: 10


[198회차]
당첨번호: [12, 19, 20, 25, 41, 45], 보너스: 2
출현빈도 정렬: [36, 40, 42, 18, 34, 37, 2, 4, 17, 26, 3, 7, 25, 33, 35, 10, 19, 30, 1, 39, 43, 45, 6, 27, 29, 16, 23, 8, 13, 14, 15, 21, 44, 20, 31, 32, 41, 5, 11, 24, 28, 12, 22, 9, 38]
사용한 3개 순위 패턴 10개: [(46, 46, 46), (4, 46, 46), (3, 46, 46), (17, 46, 46), (8, 46, 46), (12, 17, 46), (1, 5, 46), (1, 9, 46), (8, 17, 46), (8, 23, 46)]
예측 개수: 10


[199회차]
당첨번호: [14, 21, 22, 25, 30, 36], 보너스: 43
출현빈도 정렬: [36, 40, 42, 18, 34, 37, 2, 4, 17, 25, 26, 3, 7, 19, 33, 35, 10, 30, 45, 1, 39, 43, 6, 27, 29, 16, 23, 8, 13, 14, 15, 20, 21, 41, 44, 31, 32, 5, 11, 12, 24, 28, 22, 9, 38]
사용한 3개 순위 패턴 10개: [(46, 46, 46), (4, 46, 46), (3, 46, 46), (17, 46, 46), (8, 46, 46), (12, 17, 46), (1, 5, 46), (1, 9, 46), (8, 17, 46), (8, 23, 46)]
예측 개수: 10


[200회차]
당첨번호: [5, 6, 13, 14, 17, 20], 보너스: 7
출현빈도 정렬: [36, 40, 42, 18, 34, 37, 2, 25, 4, 17, 26, 3, 7, 19, 30, 33, 35, 10, 45, 1, 39, 43, 6, 27, 29, 14, 16, 21, 23, 8, 13, 15, 20, 41, 44, 31, 32, 5, 11, 12, 22, 24, 28, 9, 38]
사용한 3개 순위 패턴 10개: [(46, 46, 46), (4, 46, 46), (3, 46, 46), (17, 46, 46), (8, 46, 46), (12, 17, 46), (1, 5, 46), (1, 9, 46), (8, 17, 46), (8, 23, 46)]
예측 개수: 10
