[201회차]
당첨번호: [3, 11, 24, 38, 39, 44], 보너스: 26
출현빈도 정렬: [36, 40, 42, 18, 34, 37, 2, 17, 25, 4, 26, 3, 7, 19, 30, 33, 35, 10, 45, 1, 6, 39, 43, 14, 27, 29, 13, 16, 20, 21, 23, 8, 15, 41, 44, 5, 31, 32, 11, 12, 22, 24, 28, 9, 38]
사용한 3개 순위 패턴 10개: [(46, 46, 46), (4, 46, 46), (3, 46, 46), (17, 46, 46), (8, 46, 46), (12, 17, 46), (1, 5, 46), (1, 9, 46), (8, 17, 46), (8, 23, 46)]
예측 개수: 10


[202회차]
당첨번호: [12, 14, 27, 33, 39, 44], 보너스: 17
출현빈도 정렬: [36, 40, 42, 18, 34, 37, 2, 17, 25, 3, 4, 26, 7, 19, 30, 33, 35, 10, 39, 45, 1, 6, 43, 14, 27, 29, 13, 16, 20, 21, 23, 44, 8, 15, 41, 5, 11, 31, 32, 24, 12, 22, 28, 9, 38]
사용한 3개 순위 패턴 10개: [(46, 46, 46), (4, 46, 46), (3, 46, 46), (17, 46, 46), (8, 46, 46), (12, 17, 46), (1, 5, 46), (1, 9, 46), (8, 17, 46), (8, 23, 46)]
예측 개수: 10


[203회차]
당첨번호: [1, 3, 11, 24, 30, 32], 보너스: 7
출현빈도 정렬: [36, 40, 42, 18, 34, 37, 2, 17, 25, 3, 4, 26, 33, 7, 19, 30, 35, 39, 10, 45, 1, 6, 14, 27, 43, 29, 44, 13, 16, 20, 21, 23, 8, 15, 41, 5, 11, 31, 32, 12, 24, 22, 28, 9, 38]
사용한 3개 순위 패턴 10개: [(46, 46, 46), (4, 46, 46), (3, 46, 46), (17, 46, 46), (8, 46, 46), (12, 17, 46), (1, 5, 46), (1, 9, 46), (8, 17, 46), (8, 23, 46)]
예측 개수: 10


[204회차]
당첨번호: [3, 12, 14, 35, 40, 45], 보너스: 5
출현빈도 정렬: [36, 40, 42, 18, 34, 37, 2, 3, 17, 25, 4, 26, 30, 33, 7, 19, 35, 39, 1, 10, 45, 6, 14, 27, 43, 29, 44, 13, 16, 20, 21, 23, 8, 11, 15, 32, 41, 5, 24, 31, 12, 22, 28, 9, 38]
사용한 3개 순위 패턴 10개: [(46, 46, 46), (4, 46, 46), (3, 46, 46), (17, 46, 46), (8, 46, 46), (12, 17, 46), (1, 5, 46), (1, 9, 46), (8, 17, 46), (8, 23, 46)]
예측 개수: 10


[205회차]
당첨번호: [1, 3, 21, 29, 35, 37], 보너스: 30
출현빈도 정렬: [36, 40, 42, 3, 18, 34, 37, 2, 17, 25, 4, 26, 30, 33, 35, 7, 19, 39, 45, 1, 10, 14, 6, 27, 43, 29, 44, 13, 16, 20, 21, 23, 8, 11, 15, 32, 41, 5, 12, 24, 31, 22, 28, 9, 38]
사용한 3개 순위 패턴 10개: [(46, 46, 46), (4, 46, 46), (3, 46, 46), (17, 46, 46), (8, 46, 46), (12, 17, 46), (1, 5, 46), (1, 9, 46), (8, 17, 46), (8, 23, 46)]
예측 개수: 10


[206회차]
당첨번호: [1, 2, 3, 15, 20, 25], 보너스: 43
출현빈도 정렬: [36, 40, 3, 37, 42, 18, 34, 2, 17, 25, 35, 4, 26, 30, 33, 1, 7, 19, 39, 45, 10, 14, 6, 27, 29, 43, 21, 44, 13, 16, 20, 23, 8, 11, 15, 32, 41, 5, 12, 24, 31, 22, 28, 9, 38]
사용한 3개 순위 패턴 10개: [(46, 46, 46), (4, 46, 46), (3, 46, 46), (17, 46, 46), (8, 46, 46), (12, 17, 46), (1, 5, 46), (1, 9, 46), (8, 17, 23), (8, 17, 46)]
예측 개수: 10


[207회차]
당첨번호: [3, 11, 14, 31, 32, 37], 보너스: 38
출현빈도 정렬: [36, 40, 3, 37, 42, 2, 18, 25, 34, 17, 35, 1, 4, 26, 30, 33, 7, 19, 39, 45, 10, 14, 6, 27, 29, 43, 20, 21, 44, 13, 15, 16, 23, 8, 11, 32, 41, 5, 12, 24, 31, 22, 28, 9, 38]
사용한 3개 순위 패턴 10개: [(46, 46, 46), (4, 46, 46), (3, 46, 46), (17, 46, 46), (8, 46, 46), (12, 17, 46), (1, 5, 46), (1, 9, 46), (8, 17, 23), (8, 17, 46)]
예측 개수: 10


[208회차]
당첨번호: [14, 25, 31, 34, 40, 44], 보너스: 24
출현빈도 정렬: [3, 36, 40, 37, 42, 2, 18, 25, 34, 17, 35, 1, 4, 26, 30, 33, 7, 14, 19, 39, 45, 10, 6, 27, 29, 43, 20, 21, 44, 11, 13, 15, 16, 23, 32, 8, 31, 41, 5, 12, 24, 22, 28, 9, 38]
사용한 3개 순위 패턴 10개: [(46, 46, 46), (4, 46, 46), (3, 46, 46), (17, 46, 46), (8, 46, 46), (12, 17, 46), (1, 5, 46), (1, 9, 46), (8, 17, 23), (8, 17, 46)]
예측 개수: 10


[209회차]
당첨번호: [2, 7, 18, 20, 24, 33], 보너스: 37
출현빈도 정렬: [40, 3, 36, 37, 25, 34, 42, 2, 18, 17, 35, 1, 4, 14, 26, 30, 33, 7, 19, 39, 45, 10, 6, 27, 29, 43, 44, 20, 21, 11, 13, 15, 16, 23, 31, 32, 8, 41, 5, 12, 24, 22, 28, 9, 38]
사용한 3개 순위 패턴 10개: [(46, 46, 46), (4, 46, 46), (3, 46, 46), (17, 46, 46), (8, 46, 46), (12, 17, 46), (1, 5, 46), (1, 9, 46), (8, 17, 23), (8, 17, 46)]
예측 개수: 10


[210회차]
당첨번호: [10, 19, 22, 23, 25, 37], 보너스: 39
출현빈도 정렬: [40, 3, 36, 37, 2, 18, 25, 34, 42, 17, 33, 35, 1, 4, 7, 14, 26, 30, 19, 39, 45, 10, 6, 20, 27, 29, 43, 44, 21, 11, 13, 15, 16, 23, 31, 32, 8, 24, 41, 5, 12, 22, 28, 9, 38]
사용한 3개 순위 패턴 10개: [(46, 46, 46), (4, 46, 46), (3, 46, 46), (17, 46, 46), (8, 46, 46), (12, 17, 46), (1, 5, 46), (1, 9, 46), (8, 17, 23), (8, 17, 46)]
예측 개수: 10


[211회차]
당첨번호: [12, 13, 17, 20, 33, 41], 보너스: 8
출현빈도 정렬: [40, 3, 36, 37, 25, 2, 18, 34, 42, 17, 33, 35, 1, 4, 7, 14, 19, 26, 30, 10, 39, 45, 6, 20, 27, 29, 43, 44, 21, 23, 11, 13, 15, 16, 31, 32, 8, 24, 41, 5, 12, 22, 28, 9, 38]
사용한 3개 순위 패턴 10개: [(46, 46, 46), (4, 46, 46), (3, 46, 46), (17, 46, 46), (8, 46, 46), (12, 17, 46), (1, 5, 46), (1, 9, 46), (8, 17, 23), (8, 17, 46)]
예측 개수: 10


[212회차]
당첨번호: [11, 12, 18, 21, 31, 38], 보너스: 8
출현빈도 정렬: [40, 3, 36, 37, 25, 2, 18, 34, 42, 17, 33, 35, 1, 4, 7, 14, 19, 26, 30, 10, 39, 45, 20, 6, 27, 29, 43, 44, 13, 21, 23, 11, 15, 16, 31, 32, 41, 8, 12, 24, 5, 22, 28, 9, 38]
사용한 3개 순위 패턴 10개: [(46, 46, 46), (4, 46, 46), (3, 46, 46), (17, 46, 46), (8, 46, 46), (12, 17, 46), (1, 5, 46), (1, 9, 46), (8, 17, 23), (8, 17, 46)]
예측 개수: 10


[213회차]
당첨번호: [2, 3, 4, 5, 20, 24], 보너스: 42
출현빈도 정렬: [40, 3, 36, 37, 18, 25, 2, 34, 42, 17, 33, 35, 1, 4, 7, 14, 19, 26, 30, 10, 39, 45, 20, 6, 21, 27, 29, 43, 44, 11, 13, 23, 31, 12, 15, 16, 32, 41, 8, 24, 5, 22, 28, 38, 9]
사용한 3개 순위 패턴 10개: [(46, 46, 46), (4, 46, 46), (3, 46, 46), (17, 46, 46), (8, 46, 46), (12, 17, 46), (1, 5, 46), (1, 9, 46), (8, 17, 23), (8, 17, 46)]
예측 개수: 10


[214회차]
당첨번호: [5, 7, 20, 25, 28, 37], 보너스: 32
출현빈도 정렬: [3, 40, 36, 37, 2, 18, 25, 34, 42, 17, 33, 4, 35, 1, 7, 14, 19, 26, 30, 10, 20, 39, 45, 6, 21, 27, 29, 43, 44, 11, 13, 23, 31, 12, 15, 16, 24, 32, 41, 5, 8, 22, 28, 38, 9]
사용한 3개 순위 패턴 10개: [(46, 46, 46), (4, 46, 46), (3, 46, 46), (17, 46, 46), (8, 46, 46), (12, 17, 46), (1, 5, 46), (1, 9, 46), (8, 17, 23), (8, 17, 46)]
예측 개수: 10


[215회차]
당첨번호: [2, 3, 7, 15, 43, 44], 보너스: 4
출현빈도 정렬: [3, 37, 40, 25, 36, 2, 18, 34, 42, 17, 33, 4, 7, 35, 1, 14, 19, 20, 26, 30, 10, 39, 45, 6, 21, 27, 29, 43, 44, 11, 13, 23, 31, 5, 12, 15, 16, 24, 32, 41, 8, 22, 28, 38, 9]
사용한 3개 순위 패턴 10개: [(46, 46, 46), (4, 46, 46), (3, 46, 46), (17, 46, 46), (8, 46, 46), (12, 17, 46), (1, 5, 46), (1, 9, 46), (8, 17, 23), (8, 17, 46)]
예측 개수: 10


[216회차]
당첨번호: [7, 16, 17, 33, 36, 40], 보너스: 1
출현빈도 정렬: [3, 37, 40, 2, 25, 36, 18, 34, 42, 7, 17, 33, 4, 35, 1, 14, 19, 20, 26, 30, 10, 39, 45, 43, 44, 6, 21, 27, 29, 11, 13, 15, 23, 31, 5, 12, 16, 24, 32, 41, 8, 22, 28, 38, 9]
사용한 3개 순위 패턴 10개: [(46, 46, 46), (4, 46, 46), (3, 46, 46), (17, 46, 46), (8, 46, 46), (12, 17, 46), (1, 5, 46), (1, 9, 46), (8, 17, 23), (8, 17, 46)]
예측 개수: 10


[217회차]
당첨번호: [16, 20, 27, 33, 35, 39], 보너스: 38
출현빈도 정렬: [3, 40, 36, 37, 2, 25, 18, 7, 17, 33, 34, 42, 4, 35, 1, 14, 19, 20, 26, 30, 10, 39, 45, 43, 44, 6, 21, 27, 29, 11, 13, 15, 16, 23, 31, 5, 12, 24, 32, 41, 8, 22, 28, 38, 9]
사용한 3개 순위 패턴 10개: [(46, 46, 46), (4, 46, 46), (3, 46, 46), (17, 46, 46), (8, 46, 46), (12, 17, 46), (1, 5, 46), (1, 9, 46), (8, 17, 23), (8, 17, 46)]
예측 개수: 10


[218회차]
당첨번호: [1, 8, 14, 18, 29, 44], 보너스: 20
출현빈도 정렬: [3, 40, 36, 37, 2, 25, 18, 33, 7, 17, 34, 42, 35, 4, 20, 1, 14, 19, 26, 30, 39, 10, 45, 27, 43, 44, 6, 16, 21, 29, 11, 13, 15, 23, 31, 5, 12, 24, 32, 41, 8, 22, 28, 38, 9]
사용한 3개 순위 패턴 10개: [(46, 46, 46), (4, 46, 46), (3, 46, 46), (17, 46, 46), (8, 46, 46), (12, 17, 46), (1, 5, 46), (1, 9, 46), (8, 17, 23), (8, 17, 46)]
예측 개수: 10


[219회차]
당첨번호: [4, 11, 20, 26, 35, 37], 보너스: 16
출현빈도 정렬: [3, 40, 36, 37, 2, 18, 25, 33, 7, 17, 34, 42, 35, 1, 4, 14, 20, 19, 26, 30, 39, 10, 44, 45, 27, 29, 43, 6, 16, 21, 11, 13, 15, 23, 31, 5, 8, 12, 24, 32, 41, 22, 28, 38, 9]
사용한 3개 순위 패턴 10개: [(46, 46, 46), (4, 46, 46), (3, 46, 46), (17, 46, 46), (8, 46, 46), (12, 17, 46), (1, 5, 46), (1, 9, 46), (8, 17, 23), (8, 17, 46)]
예측 개수: 10


[220회차]
당첨번호: [5, 11, 19, 21, 34, 43], 보너스: 31
출현빈도 정렬: [3, 37, 40, 36, 2, 18, 25, 33, 7, 17, 34, 35, 42, 4, 20, 1, 14, 26, 19, 30, 39, 10, 44, 45, 27, 29, 43, 6, 11, 16, 21, 13, 15, 23, 31, 5, 8, 12, 24, 32, 41, 22, 28, 38, 9]
사용한 3개 순위 패턴 10개: [(46, 46, 46), (4, 46, 46), (3, 46, 46), (17, 46, 46), (8, 46, 46), (12, 17, 46), (1, 5, 46), (1, 9, 46), (8, 17, 23), (8, 17, 46)]
예측 개수: 10


[221회차]
당첨번호: [2, 20, 33, 35, 37, 40], 보너스: 10
출현빈도 정렬: [3, 37, 40, 36, 2, 18, 25, 33, 34, 7, 17, 35, 42, 4, 20, 1, 14, 19, 26, 30, 39, 10, 43, 44, 45, 11, 21, 27, 29, 6, 16, 5, 13, 15, 23, 31, 8, 12, 24, 32, 41, 22, 28, 38, 9]
사용한 3개 순위 패턴 10개: [(46, 46, 46), (4, 46, 46), (3, 46, 46), (17, 46, 46), (8, 46, 46), (12, 17, 46), (1, 5, 46), (1, 9, 46), (8, 17, 23), (8, 17, 46)]
예측 개수: 10


[222회차]
당첨번호: [5, 7, 28, 29, 39, 43], 보너스: 44
출현빈도 정렬: [37, 40, 3, 2, 36, 18, 25, 33, 34, 35, 7, 17, 20, 42, 4, 1, 14, 19, 26, 30, 39, 10, 43, 44, 45, 11, 21, 27, 29, 6, 16, 5, 13, 15, 23, 31, 8, 12, 24, 32, 41, 22, 28, 38, 9]
사용한 3개 순위 패턴 10개: [(46, 46, 46), (4, 46, 46), (3, 46, 46), (17, 46, 46), (8, 46, 46), (12, 17, 46), (1, 5, 46), (1, 9, 46), (8, 17, 23), (8, 17, 46)]
예측 개수: 10


[223회차]
당첨번호: [1, 3, 18, 20, 26, 27], 보너스: 38
출현빈도 정렬: [37, 40, 3, 2, 36, 18, 25, 33, 7, 34, 35, 17, 20, 42, 4, 1, 14, 19, 26, 39, 30, 43, 10, 29, 44, 45, 11, 21, 27, 5, 6, 16, 13, 15, 23, 31, 8, 12, 24, 32, 41, 28, 22, 38, 9]
사용한 3개 순위 패턴 10개: [(46, 46, 46), (4, 46, 46), (3, 46, 46), (17, 46, 46), (8, 46, 46), (12, 17, 46), (1, 5, 46), (1, 9, 46), (8, 17, 23), (8, 17, 46)]
예측 개수: 10


[224회차]
당첨번호: [4, 19, 26, 27, 30, 42], 보너스: 7
출현빈도 정렬: [3, 37, 40, 2, 18, 36, 25, 33, 7, 20, 34, 35, 17, 42, 1, 4, 26, 14, 19, 39, 30, 43, 10, 27, 29, 44, 45, 11, 21, 5, 6, 16, 13, 15, 23, 31, 8, 12, 24, 32, 41, 28, 22, 38, 9]
사용한 3개 순위 패턴 10개: [(46, 46, 46), (4, 46, 46), (3, 46, 46), (17, 46, 46), (8, 46, 46), (12, 17, 46), (1, 5, 46), (1, 9, 46), (8, 17, 23), (8, 17, 46)]
예측 개수: 10


[225회차]
당첨번호: [5, 11, 13, 19, 31, 36], 보너스: 7
출현빈도 정렬: [3, 37, 40, 2, 18, 36, 25, 33, 7, 20, 34, 35, 42, 4, 17, 26, 1, 19, 14, 30, 39, 27, 43, 10, 29, 44, 45, 11, 21, 5, 6, 16, 13, 15, 23, 31, 8, 12, 24, 32, 41, 28, 22, 38, 9]
사용한 3개 순위 패턴 10개: [(46, 46, 46), (4, 46, 46), (3, 46, 46), (17, 46, 46), (8, 46, 46), (12, 17, 46), (1, 5, 46), (1, 9, 46), (8, 17, 23), (8, 17, 46)]
예측 개수: 10


[226회차]
당첨번호: [2, 6, 8, 14, 21, 22], 보너스: 34
출현빈도 정렬: [3, 37, 40, 36, 2, 18, 25, 33, 7, 20, 34, 35, 42, 4, 17, 19, 26, 1, 14, 30, 39, 27, 43, 10, 11, 29, 44, 45, 5, 21, 6, 13, 16, 31, 15, 23, 8, 12, 24, 32, 41, 28, 22, 38, 9]
사용한 3개 순위 패턴 10개: [(46, 46, 46), (4, 46, 46), (3, 46, 46), (17, 46, 46), (8, 46, 46), (12, 17, 46), (1, 5, 46), (1, 9, 46), (8, 17, 23), (8, 17, 46)]
예측 개수: 10


[227회차]
당첨번호: [4, 5, 15, 16, 22, 42], 보너스: 2
출현빈도 정렬: [3, 37, 40, 2, 36, 18, 25, 33, 7, 20, 34, 35, 42, 4, 17, 19, 26, 1, 14, 30, 39, 27, 43, 10, 11, 21, 29, 44, 45, 5, 6, 13, 16, 31, 8, 15, 23, 12, 24, 32, 41, 22, 28, 38, 9]
사용한 3개 순위 패턴 10개: [(46, 46, 46), (4, 46, 46), (3, 46, 46), (17, 46, 46), (8, 46, 46), (12, 17, 46), (1, 5, 46), (1, 9, 46), (8, 17, 23), (8, 17, 46)]
예측 개수: 10


[228회차]
당첨번호: [17, 25, 35, 36, 39, 44], 보너스: 23
출현빈도 정렬: [3, 37, 40, 2, 36, 18, 25, 33, 42, 4, 7, 20, 34, 35, 17, 19, 26, 1, 14, 30, 39, 27, 43, 5, 10, 11, 21, 29, 44, 45, 6, 16, 13, 15, 31, 8, 23, 12, 24, 32, 41, 22, 28, 38, 9]
사용한 3개 순위 패턴 10개: [(46, 46, 46), (4, 46, 46), (3, 46, 46), (17, 46, 46), (8, 46, 46), (12, 17, 46), (1, 5, 46), (1, 9, 46), (8, 17, 23), (8, 17, 46)]
예측 개수: 10


[229회차]
당첨번호: [4, 5, 9, 11, 23, 38], 보너스: 35
출현빈도 정렬: [3, 36, 37, 40, 2, 18, 25, 33, 35, 42, 4, 7, 17, 20, 34, 19, 26, 1, 14, 39, 30, 27, 43, 44, 5, 10, 11, 21, 29, 45, 6, 16, 13, 15, 31, 8, 23, 12, 24, 32, 41, 22, 28, 38, 9]
사용한 3개 순위 패턴 10개: [(46, 46, 46), (4, 46, 46), (3, 46, 46), (17, 46, 46), (8, 46, 46), (12, 17, 46), (1, 5, 46), (1, 9, 46), (8, 17, 23), (8, 17, 46)]
예측 개수: 10


[230회차]
당첨번호: [5, 11, 14, 29, 32, 33], 보너스: 12
출현빈도 정렬: [3, 36, 37, 40, 2, 18, 25, 4, 33, 35, 42, 7, 17, 20, 34, 19, 26, 1, 14, 39, 30, 5, 11, 27, 43, 44, 10, 21, 29, 45, 6, 16, 13, 15, 23, 31, 8, 12, 24, 32, 41, 22, 28, 38, 9]
사용한 3개 순위 패턴 10개: [(46, 46, 46), (4, 46, 46), (3, 46, 46), (17, 46, 46), (8, 46, 46), (12, 17, 46), (1, 5, 46), (1, 9, 46), (8, 17, 23), (8, 17, 46)]
예측 개수: 10


[231회차]
당첨번호: [5, 10, 19, 31, 44, 45], 보너스: 27
출현빈도 정렬: [3, 36, 37, 40, 2, 18, 25, 33, 4, 35, 42, 7, 17, 20, 34, 14, 19, 26, 1, 39, 5, 11, 30, 27, 29, 43, 44, 10, 21, 45, 6, 16, 13, 15, 23, 31, 8, 32, 12, 24, 41, 22, 28, 38, 9]
사용한 3개 순위 패턴 10개: [(46, 46, 46), (4, 46, 46), (3, 46, 46), (17, 46, 46), (8, 46, 46), (12, 17, 46), (1, 5, 46), (1, 9, 46), (8, 17, 23), (8, 17, 46)]
예측 개수: 10


[232회차]
당첨번호: [8, 9, 10, 12, 24, 44], 보너스: 35
출현빈도 정렬: [3, 36, 37, 40, 2, 18, 25, 33, 4, 35, 42, 7, 17, 19, 20, 34, 14, 26, 1, 5, 39, 11, 30, 44, 10, 27, 29, 43, 45, 21, 6, 16, 31, 13, 15, 23, 8, 32, 12, 24, 41, 22, 28, 38, 9]
사용한 3개 순위 패턴 10개: [(46, 46, 46), (4, 46, 46), (3, 46, 46), (17, 46, 46), (8, 46, 46), (12, 17, 46), (1, 5, 46), (1, 9, 46), (8, 17, 23), (8, 17, 46)]
예측 개수: 10


[233회차]
당첨번호: [4, 6, 13, 17, 28, 40], 보너스: 39
출현빈도 정렬: [3, 36, 37, 40, 2, 18, 25, 33, 4, 35, 42, 7, 17, 19, 20, 34, 14, 26, 1, 5, 39, 44, 10, 11, 30, 27, 29, 43, 45, 21, 6, 16, 31, 8, 13, 15, 23, 12, 24, 32, 41, 22, 28, 9, 38]
사용한 3개 순위 패턴 10개: [(46, 46, 46), (4, 46, 46), (3, 46, 46), (17, 46, 46), (8, 46, 46), (12, 17, 46), (1, 5, 46), (1, 9, 46), (8, 17, 23), (8, 17, 46)]
예측 개수: 10


[234회차]
당첨번호: [13, 21, 22, 24, 26, 37], 보너스: 4
출현빈도 정렬: [40, 3, 36, 37, 2, 4, 18, 25, 33, 17, 35, 42, 7, 19, 20, 34, 14, 26, 1, 5, 39, 44, 10, 11, 30, 27, 29, 43, 45, 6, 21, 13, 16, 31, 8, 15, 23, 12, 24, 32, 41, 22, 28, 9, 38]
사용한 3개 순위 패턴 10개: [(46, 46, 46), (4, 46, 46), (3, 46, 46), (17, 46, 46), (8, 46, 46), (12, 17, 46), (1, 5, 46), (1, 9, 46), (8, 17, 23), (8, 17, 46)]
예측 개수: 10


[235회차]
당첨번호: [21, 22, 26, 27, 31, 37], 보너스: 8
출현빈도 정렬: [37, 40, 3, 36, 2, 4, 18, 25, 33, 17, 35, 42, 7, 19, 20, 26, 34, 14, 1, 5, 39, 44, 10, 11, 30, 21, 27, 29, 43, 45, 6, 13, 16, 31, 8, 15, 23, 24, 12, 32, 22, 41, 28, 9, 38]
사용한 3개 순위 패턴 10개: [(46, 46, 46), (4, 46, 46), (3, 46, 46), (17, 46, 46), (8, 46, 46), (12, 17, 46), (1, 5, 46), (1, 9, 46), (8, 17, 23), (8, 17, 46)]
예측 개수: 10


[236회차]
당첨번호: [1, 4, 8, 13, 37, 39], 보너스: 7
출현빈도 정렬: [37, 40, 3, 36, 2, 4, 18, 25, 33, 17, 26, 35, 42, 7, 19, 20, 34, 14, 1, 5, 39, 44, 10, 11, 21, 27, 30, 29, 43, 45, 6, 13, 31, 16, 8, 15, 23, 24, 12, 22, 32, 41, 28, 9, 38]
사용한 3개 순위 패턴 10개: [(46, 46, 46), (4, 46, 46), (3, 46, 46), (17, 46, 46), (8, 46, 46), (12, 17, 46), (1, 5, 46), (1, 9, 46), (8, 17, 23), (8, 17, 46)]
예측 개수: 10


[237회차]
당첨번호: [1, 11, 17, 21, 24, 44], 보너스: 33
출현빈도 정렬: [37, 40, 3, 36, 2, 4, 18, 25, 33, 17, 26, 35, 42, 7, 19, 20, 34, 1, 14, 39, 5, 44, 10, 11, 21, 27, 30, 13, 29, 43, 45, 6, 31, 8, 16, 15, 23, 24, 12, 22, 32, 41, 28, 9, 38]
사용한 3개 순위 패턴 10개: [(46, 46, 46), (4, 46, 46), (3, 46, 46), (17, 46, 46), (8, 46, 46), (12, 17, 46), (1, 5, 46), (1, 9, 46), (8, 17, 23), (8, 17, 46)]
예측 개수: 10


[238회차]
당첨번호: [2, 4, 15, 28, 31, 34], 보너스: 35
출현빈도 정렬: [37, 40, 3, 36, 2, 4, 17, 18, 25, 33, 26, 35, 42, 1, 7, 19, 20, 34, 14, 39, 44, 5, 11, 21, 10, 27, 30, 13, 29, 43, 45, 6, 31, 8, 16, 24, 15, 23, 12, 22, 32, 41, 28, 9, 38]
사용한 3개 순위 패턴 10개: [(46, 46, 46), (4, 46, 46), (3, 46, 46), (17, 46, 46), (8, 46, 46), (12, 17, 46), (1, 5, 46), (1, 9, 46), (8, 17, 23), (8, 17, 46)]
예측 개수: 10


[239회차]
당첨번호: [11, 15, 24, 39, 41, 44], 보너스: 7
출현빈도 정렬: [37, 40, 2, 3, 4, 36, 17, 18, 25, 33, 26, 34, 35, 42, 1, 7, 19, 20, 14, 39, 44, 5, 11, 21, 10, 27, 30, 13, 29, 31, 43, 45, 6, 8, 15, 16, 24, 23, 12, 22, 32, 28, 41, 9, 38]
사용한 3개 순위 패턴 10개: [(46, 46, 46), (4, 46, 46), (3, 46, 46), (17, 46, 46), (8, 46, 46), (12, 17, 46), (1, 5, 46), (1, 9, 46), (8, 17, 23), (8, 17, 46)]
예측 개수: 10


[240회차]
당첨번호: [6, 10, 16, 40, 41, 43], 보너스: 21
출현빈도 정렬: [37, 40, 2, 3, 4, 36, 17, 18, 25, 33, 26, 34, 35, 42, 1, 7, 19, 20, 39, 44, 11, 14, 5, 21, 10, 27, 30, 13, 29, 31, 43, 45, 6, 15, 24, 8, 16, 23, 12, 22, 32, 41, 28, 9, 38]
사용한 3개 순위 패턴 10개: [(46, 46, 46), (4, 46, 46), (3, 46, 46), (17, 46, 46), (8, 46, 46), (12, 17, 46), (1, 5, 46), (1, 9, 46), (8, 17, 23), (8, 17, 46)]
예측 개수: 10


[241회차]
당첨번호: [2, 16, 24, 27, 28, 35], 보너스: 21
출현빈도 정렬: [37, 40, 2, 3, 4, 36, 17, 18, 25, 33, 26, 34, 35, 42, 1, 7, 19, 20, 39, 44, 11, 14, 5, 10, 21, 27, 30, 43, 6, 13, 29, 31, 45, 15, 16, 24, 8, 23, 41, 12, 22, 32, 28, 9, 38]
사용한 3개 순위 패턴 10개: [(46, 46, 46), (4, 46, 46), (3, 46, 46), (17, 46, 46), (8, 46, 46), (12, 17, 46), (1, 5, 46), (1, 9, 46), (8, 17, 23), (8, 17, 46)]
예측 개수: 10


[242회차]
당첨번호: [4, 19, 20, 21, 32, 34], 보너스: 43
출현빈도 정렬: [37, 40, 2, 3, 4, 36, 17, 18, 25, 33, 35, 26, 34, 42, 1, 7, 19, 20, 39, 44, 11, 14, 5, 10, 21, 27, 30, 43, 6, 13, 16, 24, 29, 31, 45, 15, 8, 23, 41, 12, 22, 28, 32, 9, 38]
사용한 3개 순위 패턴 10개: [(46, 46, 46), (4, 46, 46), (3, 46, 46), (17, 46, 46), (8, 46, 46), (12, 17, 46), (1, 5, 46), (1, 9, 46), (8, 17, 23), (8, 17, 46)]
예측 개수: 10


[243회차]
당첨번호: [2, 12, 17, 19, 28, 42], 보너스: 34
출현빈도 정렬: [37, 40, 2, 4, 3, 36, 17, 18, 25, 33, 34, 35, 19, 20, 26, 42, 1, 7, 39, 44, 11, 14, 21, 5, 10, 27, 30, 43, 6, 13, 16, 24, 29, 31, 45, 15, 8, 23, 32, 41, 12, 22, 28, 9, 38]
사용한 3개 순위 패턴 10개: [(46, 46, 46), (4, 46, 46), (3, 46, 46), (17, 46, 46), (8, 46, 46), (12, 17, 46), (1, 5, 46), (1, 9, 46), (8, 17, 23), (8, 17, 46)]
예측 개수: 10


[244회차]
당첨번호: [13, 16, 25, 36, 37, 38], 보너스: 19
출현빈도 정렬: [37, 2, 40, 4, 3, 36, 17, 18, 19, 25, 33, 34, 35, 42, 20, 26, 1, 7, 39, 44, 11, 14, 21, 5, 10, 27, 30, 43, 6, 13, 16, 24, 29, 31, 45, 15, 8, 12, 23, 28, 32, 41, 22, 9, 38]
사용한 3개 순위 패턴 10개: [(46, 46, 46), (4, 46, 46), (3, 46, 46), (17, 46, 46), (8, 46, 46), (12, 17, 46), (1, 5, 46), (1, 9, 46), (8, 17, 23), (8, 17, 46)]
예측 개수: 10


[245회차]
당첨번호: [9, 11, 27, 31, 32, 38], 보너스: 22
출현빈도 정렬: [37, 2, 40, 4, 36, 3, 17, 25, 18, 19, 33, 34, 35, 42, 20, 26, 1, 7, 39, 44, 11, 14, 21, 5, 10, 27, 13, 16, 30, 43, 6, 24, 29, 31, 45, 15, 8, 12, 23, 28, 32, 41, 22, 38, 9]
사용한 3개 순위 패턴 10개: [(46, 46, 46), (4, 46, 46), (3, 46, 46), (17, 46, 46), (8, 46, 46), (12, 17, 46), (1, 5, 46), (1, 9, 46), (8, 17, 23), (8, 17, 46)]
예측 개수: 10


[246회차]
당첨번호: [13, 18, 21, 23, 26, 39], 보너스: 15
출현빈도 정렬: [37, 2, 40, 4, 36, 3, 17, 25, 18, 19, 33, 34, 35, 42, 20, 26, 1, 7, 11, 39, 44, 14, 21, 27, 5, 10, 13, 16, 30, 31, 43, 6, 24, 29, 45, 15, 8, 32, 12, 23, 28, 41, 22, 38, 9]
사용한 3개 순위 패턴 10개: [(46, 46, 46), (4, 46, 46), (3, 46, 46), (17, 46, 46), (8, 46, 46), (12, 17, 46), (1, 5, 46), (1, 9, 46), (8, 17, 23), (8, 17, 46)]
예측 개수: 10


[247회차]
당첨번호: [12, 15, 28, 36, 39, 40], 보너스: 13
출현빈도 정렬: [37, 2, 40, 4, 36, 3, 17, 18, 25, 19, 26, 33, 34, 35, 42, 20, 39, 1, 7, 11, 21, 44, 14, 27, 5, 10, 13, 16, 30, 31, 43, 6, 24, 29, 45, 15, 8, 23, 32, 12, 28, 41, 22, 38, 9]
사용한 3개 순위 패턴 10개: [(46, 46, 46), (4, 46, 46), (3, 46, 46), (17, 46, 46), (8, 46, 46), (12, 17, 46), (1, 5, 46), (1, 9, 46), (8, 17, 23), (8, 17, 46)]
예측 개수: 10


[248회차]
당첨번호: [3, 8, 17, 23, 38, 45], 보너스: 13
출현빈도 정렬: [37, 40, 2, 36, 4, 3, 17, 18, 25, 19, 26, 33, 34, 35, 39, 42, 20, 1, 7, 11, 21, 44, 14, 27, 5, 10, 13, 16, 30, 31, 43, 6, 15, 24, 29, 45, 8, 12, 23, 28, 32, 41, 22, 38, 9]
사용한 3개 순위 패턴 10개: [(46, 46, 46), (4, 46, 46), (3, 46, 46), (17, 46, 46), (8, 46, 46), (12, 17, 46), (1, 5, 46), (1, 9, 46), (8, 17, 23), (8, 17, 46)]
예측 개수: 10


[249회차]
당첨번호: [3, 8, 27, 31, 41, 44], 보너스: 11
출현빈도 정렬: [37, 40, 2, 36, 3, 4, 17, 18, 25, 19, 26, 33, 34, 35, 39, 42, 20, 1, 7, 11, 21, 44, 14, 27, 5, 10, 13, 16, 30, 31, 43, 45, 6, 15, 24, 29, 8, 23, 12, 28, 32, 41, 22, 38, 9]
사용한 3개 순위 패턴 10개: [(46, 46, 46), (4, 46, 46), (3, 46, 46), (17, 46, 46), (8, 46, 46), (12, 17, 46), (1, 5, 46), (1, 9, 46), (8, 17, 23), (8, 17, 46)]
예측 개수: 10


[250회차]
당첨번호: [19, 23, 30, 37, 43, 45], 보너스: 38
출현빈도 정렬: [37, 40, 2, 3, 36, 4, 17, 18, 25, 19, 26, 33, 34, 35, 39, 42, 20, 44, 1, 7, 11, 21, 27, 14, 5, 10, 13, 31, 16, 30, 43, 45, 6, 8, 15, 24, 29, 23, 12, 28, 32, 41, 22, 38, 9]
사용한 3개 순위 패턴 10개: [(46, 46, 46), (4, 46, 46), (3, 46, 46), (17, 46, 46), (8, 46, 46), (12, 17, 46), (1, 5, 46), (1, 9, 46), (8, 17, 23), (8, 17, 46)]
예측 개수: 10


[251회차]
당첨번호: [6, 7, 19, 25, 28, 38], 보너스: 45
출현빈도 정렬: [37, 40, 2, 3, 36, 4, 17, 18, 19, 25, 26, 33, 34, 35, 39, 42, 20, 44, 1, 7, 11, 21, 27, 14, 5, 10, 13, 30, 31, 43, 45, 16, 6, 8, 15, 23, 24, 29, 12, 28, 32, 41, 22, 38, 9]
사용한 3개 순위 패턴 10개: [(46, 46, 46), (4, 46, 46), (3, 46, 46), (17, 46, 46), (8, 46, 46), (12, 17, 46), (1, 5, 46), (1, 9, 46), (8, 17, 23), (8, 17, 46)]
예측 개수: 10


[252회차]
당첨번호: [14, 23, 26, 31, 39, 45], 보너스: 28
출현빈도 정렬: [37, 40, 2, 3, 36, 4, 17, 19, 25, 18, 26, 33, 34, 35, 39, 42, 7, 20, 44, 1, 11, 21, 27, 14, 5, 10, 13, 30, 31, 43, 45, 6, 16, 8, 15, 23, 24, 29, 28, 12, 32, 41, 22, 38, 9]
사용한 3개 순위 패턴 10개: [(46, 46, 46), (4, 46, 46), (3, 46, 46), (17, 46, 46), (8, 46, 46), (10, 31, 38), (12, 17, 46), (1, 5, 46), (1, 9, 46), (8, 17, 23)]
예측 개수: 10


[253회차]
당첨번호: [8, 19, 25, 31, 34, 36], 보너스: 33
출현빈도 정렬: [37, 40, 2, 3, 36, 4, 17, 19, 25, 18, 26, 39, 33, 34, 35, 42, 7, 20, 44, 1, 11, 14, 21, 27, 31, 45, 5, 10, 13, 30, 43, 6, 16, 23, 8, 15, 24, 29, 28, 12, 32, 41, 22, 38, 9]
사용한 3개 순위 패턴 10개: [(46, 46, 46), (4, 46, 46), (3, 46, 46), (17, 46, 46), (8, 46, 46), (10, 31, 38), (12, 17, 46), (1, 5, 46), (1, 9, 46), (8, 17, 23)]
예측 개수: 10


[254회차]
당첨번호: [1, 5, 19, 20, 24, 30], 보너스: 27
출현빈도 정렬: [37, 36, 40, 2, 3, 4, 19, 25, 17, 18, 26, 34, 39, 33, 35, 42, 7, 20, 44, 1, 11, 14, 21, 27, 31, 45, 5, 10, 13, 30, 43, 6, 8, 16, 23, 15, 24, 29, 28, 12, 32, 41, 22, 38, 9]
사용한 3개 순위 패턴 10개: [(46, 46, 46), (4, 46, 46), (3, 46, 46), (17, 46, 46), (8, 46, 46), (10, 31, 38), (12, 17, 46), (1, 5, 46), (1, 9, 46), (8, 17, 23)]
예측 개수: 10


[255회차]
당첨번호: [1, 5, 6, 24, 27, 42], 보너스: 32
출현빈도 정렬: [37, 36, 40, 2, 3, 19, 4, 25, 17, 18, 26, 34, 39, 20, 33, 35, 42, 1, 7, 44, 11, 14, 21, 27, 31, 5, 30, 45, 10, 13, 43, 6, 8, 16, 23, 24, 15, 29, 28, 12, 32, 41, 22, 38, 9]
사용한 3개 순위 패턴 10개: [(46, 46, 46), (4, 46, 46), (3, 46, 46), (17, 46, 46), (8, 46, 46), (10, 31, 38), (12, 17, 46), (1, 5, 46), (1, 9, 46), (8, 17, 23)]
예측 개수: 10


[256회차]
당첨번호: [4, 11, 14, 21, 23, 43], 보너스: 32
출현빈도 정렬: [37, 36, 40, 2, 3, 19, 4, 25, 17, 18, 26, 34, 39, 42, 1, 20, 33, 35, 7, 27, 44, 5, 11, 14, 21, 31, 30, 45, 6, 10, 13, 24, 43, 8, 16, 23, 15, 29, 28, 12, 32, 41, 22, 38, 9]
사용한 3개 순위 패턴 10개: [(46, 46, 46), (4, 46, 46), (3, 46, 46), (17, 46, 46), (8, 46, 46), (10, 31, 38), (12, 17, 46), (1, 5, 46), (1, 9, 46), (8, 17, 23)]
예측 개수: 10


[257회차]
당첨번호: [6, 13, 27, 31, 32, 37], 보너스: 4
출현빈도 정렬: [37, 36, 40, 2, 3, 4, 19, 25, 17, 18, 26, 34, 39, 42, 1, 20, 33, 35, 7, 11, 14, 21, 27, 44, 5, 31, 30, 43, 45, 6, 10, 13, 23, 24, 8, 16, 15, 29, 28, 12, 32, 41, 22, 38, 9]
사용한 3개 순위 패턴 10개: [(46, 46, 46), (4, 46, 46), (3, 46, 46), (17, 46, 46), (8, 46, 46), (10, 31, 38), (12, 17, 46), (1, 5, 46), (1, 9, 46), (8, 17, 23)]
예측 개수: 10


[258회차]
당첨번호: [14, 27, 30, 31, 38, 40], 보너스: 17
출현빈도 정렬: [37, 36, 40, 2, 3, 4, 19, 25, 17, 18, 26, 34, 39, 42, 1, 20, 27, 33, 35, 7, 11, 14, 21, 31, 44, 5, 6, 13, 30, 43, 45, 10, 23, 24, 8, 16, 15, 29, 28, 32, 12, 41, 22, 38, 9]
사용한 3개 순위 패턴 10개: [(46, 46, 46), (4, 46, 46), (3, 46, 46), (17, 46, 46), (8, 46, 46), (10, 31, 38), (12, 17, 46), (1, 5, 46), (1, 9, 46), (8, 17, 23)]
예측 개수: 10


[259회차]
당첨번호: [4, 5, 14, 35, 42, 45], 보너스: 34
출현빈도 정렬: [37, 40, 36, 2, 3, 4, 19, 25, 17, 18, 26, 27, 34, 39, 42, 1, 14, 20, 31, 33, 35, 7, 11, 21, 44, 5, 30, 6, 13, 43, 45, 10, 23, 24, 8, 16, 15, 29, 28, 32, 12, 41, 22, 38, 9]
사용한 3개 순위 패턴 10개: [(46, 46, 46), (4, 46, 46), (3, 46, 46), (17, 46, 46), (8, 46, 46), (10, 31, 38), (12, 17, 46), (1, 5, 46), (1, 9, 46), (8, 17, 23)]
예측 개수: 10


[260회차]
당첨번호: [7, 12, 15, 24, 37, 40], 보너스: 43
출현빈도 정렬: [37, 40, 4, 36, 2, 3, 19, 25, 17, 42, 14, 18, 26, 27, 34, 35, 39, 1, 20, 31, 33, 5, 7, 11, 21, 44, 30, 45, 6, 13, 43, 10, 23, 24, 8, 16, 15, 29, 28, 32, 12, 41, 22, 38, 9]
사용한 3개 순위 패턴 10개: [(46, 46, 46), (4, 46, 46), (3, 46, 46), (17, 46, 46), (8, 46, 46), (10, 31, 38), (12, 17, 46), (1, 5, 46), (1, 9, 46), (8, 17, 23)]
예측 개수: 10


[261회차]
당첨번호: [6, 11, 16, 18, 31, 43], 보너스: 2
출현빈도 정렬: [37, 40, 4, 36, 2, 3, 19, 25, 17, 42, 14, 18, 26, 27, 34, 35, 39, 1, 7, 20, 31, 33, 5, 11, 21, 44, 30, 45, 6, 13, 24, 43, 10, 23, 8, 15, 16, 29, 12, 28, 32, 41, 22, 38, 9]
사용한 3개 순위 패턴 10개: [(46, 46, 46), (4, 46, 46), (3, 46, 46), (17, 46, 46), (8, 46, 46), (15, 17, 31), (10, 31, 38), (12, 17, 46), (1, 5, 46), (1, 9, 46)]
예측 개수: 10


[262회차]
당첨번호: [9, 12, 24, 25, 29, 31], 보너스: 36
출현빈도 정렬: [37, 40, 4, 36, 2, 3, 19, 25, 17, 18, 42, 14, 26, 27, 31, 34, 35, 39, 1, 7, 11, 20, 33, 5, 21, 44, 6, 30, 43, 45, 13, 24, 10, 16, 23, 8, 15, 29, 12, 28, 32, 41, 22, 38, 9]
사용한 3개 순위 패턴 10개: [(46, 46, 46), (4, 46, 46), (3, 46, 46), (17, 46, 46), (8, 46, 46), (15, 17, 31), (10, 31, 38), (12, 17, 46), (1, 5, 46), (1, 9, 46)]
예측 개수: 10


[263회차]
당첨번호: [1, 27, 28, 32, 37, 40], 보너스: 18
출현빈도 정렬: [37, 40, 4, 36, 2, 3, 19, 25, 17, 18, 31, 42, 14, 26, 27, 34, 35, 39, 1, 7, 11, 20, 33, 5, 21, 44, 6, 24, 30, 43, 45, 13, 10, 16, 23, 8, 15, 29, 12, 28, 32, 41, 22, 38, 9]
사용한 3개 순위 패턴 10개: [(46, 46, 46), (4, 46, 46), (3, 46, 46), (17, 46, 46), (8, 46, 46), (15, 17, 31), (10, 31, 38), (12, 17, 46), (1, 5, 46), (1, 9, 46)]
예측 개수: 10


[264회차]
당첨번호: [9, 16, 27, 36, 41, 44], 보너스: 5
출현빈도 정렬: [37, 40, 4, 36, 2, 3, 19, 25, 17, 18, 27, 31, 42, 1, 14, 26, 34, 35, 39, 7, 11, 20, 33, 5, 21, 44, 6, 24, 30, 43, 45, 13, 10, 16, 23, 8, 15, 29, 12, 28, 32, 41, 22, 38, 9]
사용한 3개 순위 패턴 10개: [(46, 46, 46), (4, 46, 46), (3, 46, 46), (17, 46, 46), (8, 46, 46), (15, 17, 31), (10, 31, 38), (12, 17, 46), (1, 5, 46), (1, 9, 46)]
예측 개수: 10


[265회차]
당첨번호: [5, 9, 34, 37, 38, 39], 보너스: 12
출현빈도 정렬: [37, 40, 36, 4, 2, 3, 19, 25, 27, 17, 18, 31, 42, 1, 14, 26, 34, 35, 39, 7, 11, 20, 33, 44, 5, 21, 6, 24, 30, 43, 45, 13, 16, 10, 23, 8, 15, 29, 12, 28, 32, 41, 22, 38, 9]
사용한 3개 순위 패턴 10개: [(46, 46, 46), (4, 46, 46), (3, 46, 46), (17, 46, 46), (8, 46, 46), (15, 17, 31), (10, 31, 38), (12, 17, 46), (1, 5, 46), (1, 9, 46)]
예측 개수: 10


[266회차]
당첨번호: [3, 4, 9, 11, 22, 42], 보너스: 37
출현빈도 정렬: [37, 40, 36, 4, 2, 3, 19, 25, 27, 17, 18, 31, 34, 39, 42, 1, 14, 26, 35, 5, 7, 11, 20, 33, 44, 21, 6, 24, 30, 43, 45, 13, 16, 10, 23, 8, 15, 29, 12, 28, 32, 41, 38, 22, 9]
사용한 3개 순위 패턴 10개: [(46, 46, 46), (4, 46, 46), (3, 46, 46), (17, 46, 46), (8, 46, 46), (15, 17, 31), (10, 31, 38), (12, 17, 46), (1, 5, 46), (1, 9, 46)]
예측 개수: 10


[267회차]
당첨번호: [7, 8, 24, 34, 36, 41], 보너스: 1
출현빈도 정렬: [37, 40, 4, 36, 3, 2, 19, 25, 27, 42, 17, 18, 31, 34, 39, 1, 11, 14, 26, 35, 5, 7, 20, 33, 44, 21, 6, 24, 30, 43, 45, 13, 16, 10, 23, 8, 15, 29, 12, 28, 32, 41, 22, 38, 9]
사용한 3개 순위 패턴 10개: [(46, 46, 46), (4, 46, 46), (3, 46, 46), (17, 46, 46), (8, 46, 46), (15, 17, 31), (10, 31, 38), (12, 17, 46), (1, 5, 46), (1, 9, 46)]
예측 개수: 10


[268회차]
당첨번호: [3, 10, 19, 24, 32, 45], 보너스: 12
출현빈도 정렬: [37, 40, 36, 4, 3, 2, 19, 25, 27, 34, 42, 17, 18, 31, 39, 1, 7, 11, 14, 26, 35, 5, 20, 33, 44, 21, 24, 6, 30, 43, 45, 13, 16, 8, 10, 23, 15, 29, 12, 28, 32, 41, 22, 38, 9]
사용한 3개 순위 패턴 10개: [(46, 46, 46), (4, 46, 46), (3, 46, 46), (17, 46, 46), (8, 46, 46), (15, 17, 31), (10, 31, 38), (12, 17, 46), (1, 5, 46), (1, 9, 46)]
예측 개수: 10


[269회차]
당첨번호: [5, 18, 20, 36, 42, 43], 보너스: 32
출현빈도 정렬: [37, 40, 36, 3, 4, 19, 2, 25, 27, 34, 42, 17, 18, 31, 39, 1, 7, 11, 14, 26, 35, 5, 20, 24, 33, 44, 21, 45, 6, 30, 43, 10, 13, 16, 8, 23, 15, 29, 32, 12, 28, 41, 22, 38, 9]
사용한 3개 순위 패턴 10개: [(46, 46, 46), (4, 46, 46), (3, 46, 46), (17, 46, 46), (8, 46, 46), (15, 17, 31), (10, 31, 38), (12, 17, 46), (1, 5, 46), (1, 9, 46)]
예측 개수: 10


[270회차]
당첨번호: [5, 9, 12, 20, 21, 26], 보너스: 27
출현빈도 정렬: [37, 36, 40, 3, 4, 19, 2, 25, 42, 18, 27, 34, 17, 31, 39, 1, 5, 7, 11, 14, 20, 26, 35, 24, 33, 44, 21, 43, 45, 6, 30, 10, 13, 16, 8, 23, 15, 29, 32, 12, 28, 41, 22, 38, 9]
사용한 3개 순위 패턴 10개: [(46, 46, 46), (4, 46, 46), (3, 46, 46), (17, 46, 46), (8, 46, 46), (15, 17, 31), (10, 31, 38), (12, 17, 46), (1, 5, 46), (1, 9, 46)]
예측 개수: 10


[271회차]
당첨번호: [3, 8, 9, 27, 29, 40], 보너스: 36
출현빈도 정렬: [37, 36, 40, 3, 4, 19, 2, 25, 42, 18, 27, 34, 5, 17, 20, 26, 31, 39, 1, 7, 11, 14, 35, 21, 24, 33, 44, 43, 45, 6, 30, 10, 13, 16, 8, 23, 12, 15, 29, 32, 28, 41, 9, 22, 38]
사용한 3개 순위 패턴 10개: [(46, 46, 46), (4, 46, 46), (3, 46, 46), (17, 46, 46), (8, 46, 46), (15, 17, 31), (10, 31, 38), (12, 17, 46), (1, 5, 46), (1, 9, 46)]
예측 개수: 10


[272회차]
당첨번호: [7, 9, 12, 27, 39, 43], 보너스: 28
출현빈도 정렬: [37, 40, 36, 3, 4, 19, 2, 25, 27, 42, 18, 34, 5, 17, 20, 26, 31, 39, 1, 7, 11, 14, 35, 21, 24, 33, 44, 43, 45, 6, 30, 8, 10, 13, 16, 23, 29, 12, 15, 32, 28, 41, 9, 22, 38]
사용한 3개 순위 패턴 10개: [(46, 46, 46), (4, 46, 46), (3, 46, 46), (17, 46, 46), (8, 46, 46), (15, 17, 31), (10, 31, 38), (12, 17, 46), (1, 5, 46), (1, 9, 46)]
예측 개수: 10


[273회차]
당첨번호: [1, 8, 24, 31, 34, 44], 보너스: 6
출현빈도 정렬: [37, 40, 36, 3, 4, 19, 27, 2, 25, 42, 18, 34, 39, 5, 7, 17, 20, 26, 31, 1, 11, 14, 35, 21, 24, 33, 43, 44, 45, 6, 30, 8, 10, 13, 16, 12, 23, 29, 15, 32, 28, 41, 9, 22, 38]
사용한 3개 순위 패턴 10개: [(46, 46, 46), (4, 46, 46), (3, 46, 46), (17, 46, 46), (8, 46, 46), (15, 17, 31), (10, 31, 38), (12, 17, 46), (1, 5, 46), (1, 9, 46)]
예측 개수: 10


[274회차]
당첨번호: [13, 14, 15, 26, 35, 39], 보너스: 25
출현빈도 정렬: [37, 40, 36, 3, 4, 19, 27, 2, 25, 34, 42, 18, 31, 39, 1, 5, 7, 17, 20, 26, 11, 14, 24, 35, 44, 21, 33, 43, 45, 6, 8, 30, 10, 13, 16, 12, 23, 29, 15, 32, 28, 41, 9, 22, 38]
사용한 3개 순위 패턴 10개: [(46, 46, 46), (4, 46, 46), (3, 46, 46), (17, 46, 46), (8, 46, 46), (15, 17, 31), (10, 31, 38), (12, 17, 46), (1, 5, 46), (1, 9, 46)]
예측 개수: 10


[275회차]
당첨번호: [14, 19, 20, 35, 38, 40], 보너스: 26
출현빈도 정렬: [37, 40, 36, 3, 4, 19, 27, 2, 25, 34, 39, 42, 18, 26, 31, 1, 5, 7, 14, 17, 20, 35, 11, 24, 44, 21, 33, 43, 45, 6, 8, 13, 30, 10, 16, 12, 15, 23, 29, 32, 28, 41, 9, 22, 38]
사용한 3개 순위 패턴 10개: [(46, 46, 46), (4, 46, 46), (3, 46, 46), (17, 46, 46), (8, 46, 46), (15, 17, 31), (10, 31, 38), (12, 17, 46), (1, 5, 46), (1, 9, 46)]
예측 개수: 10


[276회차]
당첨번호: [4, 15, 21, 33, 39, 41], 보너스: 25
출현빈도 정렬: [37, 40, 36, 3, 4, 19, 27, 2, 25, 34, 39, 42, 14, 18, 20, 26, 31, 35, 1, 5, 7, 17, 11, 24, 44, 21, 33, 43, 45, 6, 8, 13, 30, 10, 16, 12, 15, 23, 29, 32, 28, 41, 9, 38, 22]
사용한 3개 순위 패턴 10개: [(46, 46, 46), (4, 46, 46), (3, 46, 46), (17, 46, 46), (8, 46, 46), (15, 17, 31), (10, 31, 38), (12, 17, 46), (1, 5, 46), (1, 9, 46)]
예측 개수: 10


[277회차]
당첨번호: [10, 12, 13, 15, 25, 29], 보너스: 20
출현빈도 정렬: [37, 40, 36, 3, 4, 19, 27, 39, 2, 25, 34, 42, 14, 18, 20, 26, 31, 35, 1, 5, 7, 17, 11, 21, 24, 33, 44, 43, 45, 6, 8, 13, 30, 10, 15, 16, 12, 23, 29, 32, 41, 28, 9, 38, 22]
사용한 3개 순위 패턴 10개: [(46, 46, 46), (4, 46, 46), (3, 46, 46), (17, 46, 46), (8, 46, 46), (15, 17, 31), (10, 31, 38), (12, 17, 46), (1, 5, 46), (1, 9, 46)]
예측 개수: 10


[278회차]
당첨번호: [3, 11, 37, 39, 41, 43], 보너스: 13
출현빈도 정렬: [37, 40, 36, 3, 4, 19, 25, 27, 39, 2, 34, 42, 14, 18, 20, 26, 31, 35, 1, 5, 7, 17, 11, 21, 24, 33, 44, 43, 13, 45, 6, 8, 10, 15, 30, 12, 16, 29, 23, 32, 41, 28, 9, 38, 22]
사용한 3개 순위 패턴 10개: [(46, 46, 46), (4, 46, 46), (3, 46, 46), (17, 46, 46), (8, 46, 46), (15, 17, 31), (10, 31, 38), (12, 17, 46), (1, 5, 46), (1, 9, 46)]
예측 개수: 10


[279회차]
당첨번호: [7, 16, 31, 36, 37, 38], 보너스: 11
출현빈도 정렬: [37, 40, 3, 36, 4, 19, 39, 25, 27, 2, 34, 42, 14, 18, 20, 26, 31, 35, 1, 5, 7, 11, 17, 21, 24, 33, 43, 44, 13, 45, 6, 8, 10, 15, 30, 12, 16, 29, 23, 41, 32, 28, 9, 38, 22]
사용한 3개 순위 패턴 10개: [(46, 46, 46), (4, 46, 46), (3, 46, 46), (17, 46, 46), (8, 46, 46), (15, 17, 31), (10, 31, 38), (12, 17, 46), (1, 5, 46), (1, 9, 46)]
예측 개수: 10


[280회차]
당첨번호: [10, 11, 23, 24, 36, 37], 보너스: 35
출현빈도 정렬: [37, 40, 36, 3, 4, 19, 39, 25, 27, 2, 31, 34, 42, 7, 14, 18, 20, 26, 35, 1, 5, 11, 17, 21, 24, 33, 43, 44, 13, 45, 6, 8, 10, 15, 16, 30, 12, 29, 23, 41, 32, 28, 9, 38, 22]
사용한 3개 순위 패턴 10개: [(46, 46, 46), (4, 46, 46), (3, 46, 46), (17, 46, 46), (8, 46, 46), (15, 17, 31), (10, 31, 38), (12, 17, 46), (1, 5, 46), (1, 9, 46)]
예측 개수: 10


[281회차]
당첨번호: [1, 3, 4, 6, 14, 41], 보너스: 12
출현빈도 정렬: [37, 36, 40, 3, 4, 19, 39, 25, 27, 2, 31, 34, 42, 7, 11, 14, 18, 20, 26, 35, 1, 5, 17, 24, 21, 33, 43, 44, 10, 13, 45, 6, 8, 15, 16, 30, 12, 23, 29, 41, 32, 28, 9, 38, 22]
사용한 3개 순위 패턴 10개: [(46, 46, 46), (4, 46, 46), (3, 46, 46), (17, 46, 46), (8, 46, 46), (15, 17, 31), (10, 31, 38), (12, 17, 46), (1, 5, 46), (1, 9, 46)]
예측 개수: 10


[282회차]
당첨번호: [2, 5, 10, 18, 31, 32], 보너스: 30
출현빈도 정렬: [37, 36, 40, 3, 4, 19, 39, 25, 27, 2, 14, 31, 34, 42, 1, 7, 11, 18, 20, 26, 35, 5, 17, 24, 21, 33, 43, 44, 6, 10, 13, 45, 8, 15, 16, 30, 12, 23, 29, 41, 32, 28, 9, 38, 22]
사용한 3개 순위 패턴 10개: [(46, 46, 46), (4, 46, 46), (3, 46, 46), (17, 46, 46), (8, 46, 46), (15, 17, 31), (10, 31, 38), (12, 17, 46), (1, 5, 46), (1, 9, 46)]
예측 개수: 10


[283회차]
당첨번호: [6, 8, 18, 31, 38, 45], 보너스: 42
출현빈도 정렬: [37, 36, 40, 3, 4, 19, 39, 2, 25, 27, 31, 14, 18, 34, 42, 1, 5, 7, 11, 20, 26, 35, 17, 24, 21, 33, 43, 44, 10, 6, 13, 45, 8, 15, 16, 30, 12, 23, 29, 41, 32, 28, 9, 38, 22]
사용한 3개 순위 패턴 10개: [(46, 46, 46), (4, 46, 46), (3, 46, 46), (17, 46, 46), (8, 46, 46), (15, 17, 31), (10, 31, 38), (12, 17, 46), (1, 5, 46), (1, 9, 46)]
예측 개수: 10


[284회차]
당첨번호: [2, 7, 15, 24, 30, 45], 보너스: 28
출현빈도 정렬: [37, 36, 40, 3, 4, 19, 31, 39, 2, 18, 25, 27, 14, 34, 42, 1, 5, 7, 11, 20, 26, 35, 17, 24, 21, 33, 43, 44, 6, 10, 45, 8, 13, 15, 16, 30, 12, 23, 29, 41, 32, 28, 38, 9, 22]
사용한 3개 순위 패턴 10개: [(46, 46, 46), (4, 46, 46), (3, 46, 46), (17, 46, 46), (8, 46, 46), (15, 17, 31), (10, 31, 38), (12, 17, 46), (1, 5, 46), (1, 9, 46)]
예측 개수: 10


[285회차]
당첨번호: [13, 33, 37, 40, 41, 45], 보너스: 2
출현빈도 정렬: [37, 36, 40, 3, 4, 2, 19, 31, 39, 18, 25, 27, 7, 14, 34, 42, 1, 5, 11, 20, 24, 26, 35, 17, 21, 33, 43, 44, 45, 6, 10, 8, 13, 15, 30, 16, 12, 23, 29, 41, 32, 28, 38, 9, 22]
사용한 3개 순위 패턴 10개: [(46, 46, 46), (4, 46, 46), (3, 46, 46), (17, 46, 46), (8, 46, 46), (15, 17, 31), (10, 31, 38), (12, 17, 46), (1, 5, 46), (1, 9, 46)]
예측 개수: 10


[286회차]
당첨번호: [1, 15, 19, 40, 42, 44], 보너스: 17
출현빈도 정렬: [37, 40, 36, 3, 4, 2, 19, 31, 39, 18, 25, 27, 7, 14, 34, 42, 1, 5, 11, 20, 24, 26, 35, 17, 33, 45, 21, 43, 44, 6, 10, 13, 8, 15, 30, 16, 41, 12, 23, 29, 32, 28, 38, 9, 22]
사용한 3개 순위 패턴 10개: [(46, 46, 46), (4, 46, 46), (3, 46, 46), (17, 46, 46), (8, 46, 46), (15, 17, 31), (10, 31, 38), (12, 17, 46), (1, 5, 46), (1, 9, 46)]
예측 개수: 10


[287회차]
당첨번호: [6, 12, 24, 27, 35, 37], 보너스: 41
출현빈도 정렬: [37, 40, 36, 3, 4, 19, 2, 31, 39, 18, 25, 27, 42, 1, 7, 14, 34, 5, 11, 20, 24, 26, 35, 17, 33, 44, 45, 21, 43, 6, 10, 13, 15, 8, 30, 16, 41, 12, 23, 29, 32, 28, 38, 9, 22]
사용한 3개 순위 패턴 10개: [(46, 46, 46), (4, 46, 46), (3, 46, 46), (17, 46, 46), (8, 46, 46), (15, 17, 31), (10, 31, 38), (12, 17, 46), (1, 5, 46), (1, 9, 46)]
예측 개수: 10


[288회차]
당첨번호: [1, 12, 17, 28, 35, 41], 보너스: 10
출현빈도 정렬: [37, 40, 36, 3, 4, 19, 2, 27, 31, 39, 18, 25, 42, 1, 7, 14, 24, 34, 35, 5, 11, 20, 26, 17, 33, 44, 45, 6, 21, 43, 10, 13, 15, 8, 30, 12, 16, 41, 23, 29, 32, 28, 38, 9, 22]
사용한 3개 순위 패턴 10개: [(46, 46, 46), (4, 46, 46), (3, 46, 46), (17, 46, 46), (8, 46, 46), (15, 17, 31), (10, 31, 38), (12, 17, 46), (1, 5, 46), (1, 9, 46)]
예측 개수: 10


[289회차]
당첨번호: [3, 14, 33, 37, 38, 42], 보너스: 10
출현빈도 정렬: [37, 40, 36, 3, 4, 19, 2, 27, 31, 39, 1, 18, 25, 35, 42, 7, 14, 24, 34, 5, 11, 17, 20, 26, 33, 44, 45, 6, 21, 43, 10, 13, 15, 8, 12, 30, 41, 16, 23, 29, 32, 28, 38, 9, 22]
사용한 3개 순위 패턴 10개: [(46, 46, 46), (4, 46, 46), (3, 46, 46), (17, 46, 46), (8, 46, 46), (15, 17, 31), (10, 31, 38), (12, 17, 46), (1, 5, 46), (1, 9, 46)]
예측 개수: 10


[290회차]
당첨번호: [8, 13, 18, 32, 39, 45], 보너스: 7
출현빈도 정렬: [37, 40, 3, 36, 4, 19, 2, 27, 31, 39, 42, 1, 14, 18, 25, 35, 7, 24, 34, 5, 11, 17, 20, 26, 33, 44, 45, 6, 21, 43, 10, 13, 15, 8, 12, 30, 41, 16, 23, 29, 32, 28, 38, 9, 22]
사용한 3개 순위 패턴 10개: [(46, 46, 46), (4, 46, 46), (3, 46, 46), (17, 46, 46), (8, 46, 46), (15, 17, 31), (10, 31, 38), (12, 17, 46), (1, 5, 46), (1, 9, 46)]
예측 개수: 10


[291회차]
당첨번호: [3, 7, 8, 18, 20, 42], 보너스: 45
출현빈도 정렬: [37, 40, 3, 36, 4, 19, 39, 2, 18, 27, 31, 42, 1, 14, 25, 35, 7, 24, 34, 5, 11, 17, 20, 26, 33, 45, 44, 6, 13, 21, 43, 8, 10, 15, 12, 30, 41, 16, 23, 29, 32, 28, 38, 9, 22]
사용한 3개 순위 패턴 10개: [(46, 46, 46), (4, 46, 46), (3, 46, 46), (17, 46, 46), (8, 46, 46), (15, 17, 31), (10, 31, 38), (12, 17, 46), (1, 5, 46), (1, 9, 46)]
예측 개수: 10


[292회차]
당첨번호: [17, 18, 31, 32, 33, 34], 보너스: 10
출현빈도 정렬: [37, 40, 3, 36, 4, 18, 19, 39, 42, 2, 27, 31, 1, 7, 14, 25, 35, 20, 24, 34, 5, 11, 17, 26, 33, 45, 44, 6, 8, 13, 21, 43, 10, 15, 12, 30, 41, 16, 23, 29, 32, 28, 38, 9, 22]
사용한 3개 순위 패턴 10개: [(46, 46, 46), (4, 46, 46), (3, 46, 46), (17, 46, 46), (8, 46, 46), (15, 17, 31), (10, 31, 38), (12, 17, 46), (1, 5, 46), (1, 9, 46)]
예측 개수: 10


[293회차]
당첨번호: [1, 9, 17, 21, 29, 33], 보너스: 24
출현빈도 정렬: [37, 40, 3, 36, 4, 18, 19, 31, 39, 42, 2, 27, 1, 7, 14, 25, 34, 35, 17, 20, 24, 33, 5, 11, 26, 45, 44, 6, 8, 13, 21, 43, 10, 15, 12, 30, 41, 16, 32, 23, 29, 28, 38, 9, 22]
사용한 3개 순위 패턴 10개: [(46, 46, 46), (4, 46, 46), (3, 46, 46), (17, 46, 46), (8, 46, 46), (15, 17, 31), (10, 31, 38), (12, 17, 46), (1, 5, 46), (1, 9, 46)]
예측 개수: 10


[294회차]
당첨번호: [6, 10, 17, 30, 37, 38], 보너스: 40
출현빈도 정렬: [37, 40, 3, 36, 4, 18, 19, 31, 39, 42, 1, 2, 27, 7, 14, 17, 25, 33, 34, 35, 20, 24, 5, 11, 26, 45, 21, 44, 6, 8, 13, 43, 10, 15, 12, 30, 41, 16, 29, 32, 23, 28, 38, 9, 22]
사용한 3개 순위 패턴 10개: [(46, 46, 46), (4, 46, 46), (3, 46, 46), (17, 46, 46), (8, 46, 46), (15, 17, 31), (10, 31, 38), (12, 17, 46), (1, 5, 46), (1, 9, 46)]
예측 개수: 10


[295회차]
당첨번호: [1, 4, 12, 16, 18, 38], 보너스: 8
출현빈도 정렬: [37, 40, 3, 36, 4, 18, 19, 31, 39, 42, 1, 2, 17, 27, 7, 14, 25, 33, 34, 35, 20, 24, 5, 11, 26, 45, 6, 21, 44, 8, 10, 13, 43, 15, 30, 12, 41, 16, 29, 32, 23, 38, 28, 9, 22]
사용한 3개 순위 패턴 10개: [(46, 46, 46), (4, 46, 46), (3, 46, 46), (17, 46, 46), (8, 46, 46), (15, 17, 31), (10, 31, 38), (12, 17, 46), (1, 5, 46), (1, 9, 46)]
예측 개수: 10


[296회차]
당첨번호: [3, 8, 15, 27, 30, 45], 보너스: 44
출현빈도 정렬: [37, 40, 3, 36, 4, 18, 1, 19, 31, 39, 42, 2, 17, 27, 7, 14, 25, 33, 34, 35, 20, 24, 5, 11, 26, 45, 6, 21, 44, 8, 10, 13, 43, 12, 15, 30, 16, 41, 29, 32, 23, 38, 28, 9, 22]
사용한 3개 순위 패턴 10개: [(46, 46, 46), (4, 46, 46), (3, 46, 46), (17, 46, 46), (8, 46, 46), (15, 17, 31), (10, 31, 38), (12, 17, 46), (1, 5, 46), (1, 9, 46)]
예측 개수: 10


[297회차]
당첨번호: [6, 11, 19, 20, 28, 32], 보너스: 34
출현빈도 정렬: [37, 3, 40, 36, 4, 18, 1, 19, 27, 31, 39, 42, 2, 17, 7, 14, 25, 33, 34, 35, 20, 24, 45, 5, 11, 26, 6, 8, 21, 44, 10, 13, 15, 30, 43, 12, 16, 41, 29, 32, 23, 38, 28, 9, 22]
사용한 3개 순위 패턴 10개: [(46, 46, 46), (4, 46, 46), (3, 46, 46), (17, 46, 46), (8, 46, 46), (15, 17, 31), (10, 31, 38), (12, 17, 46), (1, 5, 46), (1, 9, 46)]
예측 개수: 10


[298회차]
당첨번호: [5, 9, 27, 29, 37, 40], 보너스: 19
출현빈도 정렬: [37, 3, 40, 36, 4, 18, 19, 1, 27, 31, 39, 42, 2, 17, 7, 14, 20, 25, 33, 34, 35, 11, 24, 45, 5, 6, 26, 8, 21, 44, 10, 13, 15, 30, 43, 12, 16, 32, 41, 29, 23, 38, 28, 9, 22]
사용한 3개 순위 패턴 10개: [(46, 46, 46), (4, 46, 46), (3, 46, 46), (17, 46, 46), (8, 46, 46), (15, 17, 31), (10, 31, 38), (12, 17, 46), (1, 5, 46), (1, 9, 46)]
예측 개수: 10


[299회차]
당첨번호: [1, 3, 20, 25, 36, 45], 보너스: 24
출현빈도 정렬: [37, 40, 3, 36, 4, 18, 19, 27, 1, 31, 39, 42, 2, 17, 7, 14, 20, 25, 33, 34, 35, 5, 11, 24, 45, 6, 26, 8, 21, 44, 10, 13, 15, 30, 43, 12, 16, 29, 32, 41, 23, 38, 28, 9, 22]
사용한 3개 순위 패턴 10개: [(46, 46, 46), (4, 46, 46), (3, 46, 46), (17, 46, 46), (8, 46, 46), (15, 17, 31), (10, 31, 38), (12, 17, 46), (1, 5, 46), (1, 9, 46)]
예측 개수: 10


[300회차]
당첨번호: [7, 9, 10, 12, 26, 38], 보너스: 39
출현빈도 정렬: [37, 3, 40, 36, 4, 18, 1, 19, 27, 31, 39, 42, 2, 17, 20, 25, 7, 14, 33, 34, 35, 45, 5, 11, 24, 6, 26, 8, 21, 44, 10, 13, 15, 30, 43, 12, 16, 29, 32, 41, 23, 38, 28, 9, 22]
사용한 3개 순위 패턴 10개: [(46, 46, 46), (4, 46, 46), (3, 46, 46), (17, 46, 46), (8, 46, 46), (15, 17, 31), (10, 31, 38), (12, 17, 46), (1, 5, 46), (1, 9, 46)]
예측 개수: 10
