[301회차]
당첨번호: [7, 11, 13, 33, 37, 43], 보너스: 26
출현빈도 정렬: [37, 3, 40, 36, 4, 18, 1, 19, 27, 31, 39, 42, 2, 7, 17, 20, 25, 14, 33, 34, 35, 45, 5, 11, 24, 26, 6, 8, 10, 21, 44, 12, 13, 15, 30, 43, 16, 29, 32, 41, 38, 23, 9, 28, 22]
사용한 3개 순위 패턴 10개: [(46, 46, 46), (4, 46, 46), (3, 46, 46), (17, 46, 46), (8, 46, 46), (15, 17, 31), (10, 31, 38), (12, 17, 46), (1, 5, 46), (1, 9, 46)]
예측 개수: 10


[302회차]
당첨번호: [13, 19, 20, 32, 38, 42], 보너스: 4
출현빈도 정렬: [37, 3, 40, 36, 4, 18, 1, 19, 27, 7, 31, 39, 42, 2, 17, 20, 25, 33, 11, 14, 34, 35, 45, 5, 24, 26, 6, 8, 10, 13, 21, 43, 44, 12, 15, 30, 16, 29, 32, 41, 38, 23, 9, 28, 22]
사용한 3개 순위 패턴 10개: [(46, 46, 46), (4, 46, 46), (3, 46, 46), (17, 46, 46), (8, 46, 46), (15, 17, 31), (10, 31, 38), (12, 17, 46), (1, 5, 46), (1, 9, 46)]
예측 개수: 10


[303회차]
당첨번호: [2, 14, 17, 30, 38, 45], 보너스: 43
출현빈도 정렬: [37, 3, 40, 36, 4, 18, 19, 1, 27, 42, 7, 20, 31, 39, 2, 17, 25, 33, 11, 14, 34, 35, 45, 5, 24, 26, 6, 13, 8, 10, 21, 43, 44, 12, 15, 30, 32, 16, 29, 38, 41, 23, 9, 28, 22]
사용한 3개 순위 패턴 10개: [(46, 46, 46), (4, 46, 46), (3, 46, 46), (17, 46, 46), (8, 46, 46), (15, 17, 31), (10, 31, 38), (12, 17, 46), (1, 5, 46), (1, 9, 46)]
예측 개수: 10


[304회차]
당첨번호: [4, 10, 16, 26, 33, 41], 보너스: 38
출현빈도 정렬: [37, 3, 40, 36, 4, 18, 19, 1, 27, 42, 2, 7, 17, 20, 31, 39, 14, 25, 33, 45, 11, 34, 35, 5, 24, 26, 6, 13, 8, 10, 21, 30, 43, 44, 12, 15, 32, 38, 16, 29, 41, 23, 9, 28, 22]
사용한 3개 순위 패턴 10개: [(46, 46, 46), (4, 46, 46), (3, 46, 46), (17, 46, 46), (8, 46, 46), (15, 17, 31), (10, 31, 38), (12, 17, 46), (1, 5, 46), (1, 9, 46)]
예측 개수: 10


[305회차]
당첨번호: [7, 8, 18, 21, 23, 39], 보너스: 9
출현빈도 정렬: [37, 3, 40, 36, 4, 18, 19, 1, 27, 42, 2, 7, 17, 20, 31, 33, 39, 14, 25, 45, 11, 26, 34, 35, 5, 24, 6, 10, 13, 8, 21, 30, 43, 44, 12, 15, 16, 32, 38, 41, 29, 23, 9, 28, 22]
사용한 3개 순위 패턴 10개: [(46, 46, 46), (4, 46, 46), (3, 46, 46), (17, 46, 46), (8, 46, 46), (15, 17, 31), (10, 31, 38), (12, 17, 46), (1, 5, 46), (1, 9, 46)]
예측 개수: 10


[306회차]
당첨번호: [4, 18, 23, 30, 34, 41], 보너스: 19
출현빈도 정렬: [37, 3, 40, 36, 4, 18, 19, 1, 7, 27, 39, 42, 2, 17, 20, 31, 33, 14, 25, 45, 11, 26, 34, 35, 5, 24, 6, 8, 10, 13, 21, 30, 43, 44, 12, 15, 16, 32, 38, 41, 29, 23, 9, 28, 22]
사용한 3개 순위 패턴 10개: [(46, 46, 46), (4, 46, 46), (3, 46, 46), (17, 46, 46), (8, 46, 46), (15, 17, 31), (10, 31, 38), (12, 17, 46), (1, 5, 46), (1, 9, 46)]
예측 개수: 10


[307회차]
당첨번호: [5, 15, 21, 23, 25, 45], 보너스: 12
출현빈도 정렬: [37, 3, 40, 4, 18, 36, 19, 1, 7, 27, 39, 42, 2, 17, 20, 31, 33, 14, 25, 34, 45, 11, 26, 35, 5, 24, 6, 8, 10, 13, 21, 30, 43, 44, 12, 15, 41, 16, 32, 38, 23, 29, 9, 28, 22]
사용한 3개 순위 패턴 10개: [(46, 46, 46), (4, 46, 46), (3, 46, 46), (17, 46, 46), (8, 46, 46), (15, 17, 31), (10, 31, 38), (12, 17, 46), (1, 5, 46), (1, 9, 46)]
예측 개수: 10


[308회차]
당첨번호: [14, 15, 17, 19, 37, 45], 보너스: 40
출현빈도 정렬: [37, 3, 40, 4, 18, 36, 19, 1, 7, 27, 39, 42, 2, 17, 20, 25, 31, 33, 45, 14, 34, 5, 11, 26, 35, 21, 24, 6, 8, 10, 13, 30, 15, 43, 44, 12, 41, 16, 23, 32, 38, 29, 9, 28, 22]
사용한 3개 순위 패턴 10개: [(46, 46, 46), (4, 46, 46), (3, 46, 46), (17, 46, 46), (8, 46, 46), (15, 17, 31), (10, 31, 38), (12, 17, 46), (1, 5, 46), (1, 9, 46)]
예측 개수: 10


[309회차]
당첨번호: [1, 2, 5, 11, 18, 36], 보너스: 22
출현빈도 정렬: [37, 3, 40, 4, 18, 36, 19, 1, 7, 17, 27, 39, 42, 45, 2, 14, 20, 25, 31, 33, 34, 5, 11, 26, 35, 21, 24, 6, 8, 10, 13, 15, 30, 43, 44, 12, 41, 16, 23, 32, 38, 29, 9, 28, 22]
사용한 3개 순위 패턴 10개: [(46, 46, 46), (4, 46, 46), (3, 46, 46), (17, 46, 46), (8, 46, 46), (15, 17, 31), (10, 31, 38), (12, 17, 46), (1, 5, 46), (1, 9, 46)]
예측 개수: 10


[310회차]
당첨번호: [1, 5, 19, 28, 34, 41], 보너스: 16
출현빈도 정렬: [37, 3, 40, 18, 36, 4, 19, 1, 2, 7, 17, 27, 39, 42, 45, 14, 20, 25, 31, 33, 5, 11, 34, 26, 35, 21, 24, 6, 8, 10, 13, 15, 30, 43, 44, 12, 41, 16, 23, 32, 38, 29, 9, 28, 22]
사용한 3개 순위 패턴 10개: [(46, 46, 46), (4, 46, 46), (3, 46, 46), (17, 46, 46), (8, 46, 46), (15, 17, 31), (1, 14, 19), (10, 31, 38), (12, 17, 46), (1, 5, 46)]
예측 개수: 10


[311회차]
당첨번호: [4, 12, 24, 27, 28, 32], 보너스: 10
출현빈도 정렬: [37, 3, 40, 18, 36, 4, 19, 1, 2, 7, 17, 27, 39, 42, 45, 5, 14, 20, 25, 31, 33, 34, 11, 26, 35, 21, 24, 6, 8, 10, 13, 15, 30, 41, 43, 44, 12, 16, 23, 32, 38, 29, 28, 9, 22]
사용한 3개 순위 패턴 10개: [(46, 46, 46), (4, 46, 46), (3, 46, 46), (17, 46, 46), (8, 46, 46), (15, 17, 31), (1, 14, 19), (10, 31, 38), (12, 17, 46), (1, 5, 46)]
예측 개수: 10


[312회차]
당첨번호: [2, 3, 5, 6, 12, 20], 보너스: 25
출현빈도 정렬: [37, 3, 40, 4, 18, 36, 19, 1, 27, 2, 7, 17, 39, 42, 45, 5, 14, 20, 25, 31, 33, 34, 11, 24, 26, 35, 21, 6, 8, 10, 13, 15, 30, 12, 41, 43, 44, 32, 16, 23, 38, 29, 28, 9, 22]
사용한 3개 순위 패턴 10개: [(46, 46, 46), (4, 46, 46), (3, 46, 46), (17, 46, 46), (8, 46, 46), (15, 17, 31), (1, 14, 19), (10, 31, 38), (12, 17, 46), (1, 5, 46)]
예측 개수: 10


[313회차]
당첨번호: [9, 17, 34, 35, 43, 45], 보너스: 2
출현빈도 정렬: [37, 3, 40, 4, 18, 36, 19, 1, 2, 27, 5, 7, 17, 20, 39, 42, 45, 14, 25, 31, 33, 34, 11, 24, 26, 35, 6, 21, 8, 10, 12, 13, 15, 30, 41, 43, 44, 32, 16, 23, 38, 29, 28, 9, 22]
사용한 3개 순위 패턴 10개: [(46, 46, 46), (4, 46, 46), (3, 46, 46), (17, 46, 46), (8, 46, 46), (15, 17, 31), (1, 14, 19), (10, 31, 38), (12, 17, 46), (1, 5, 46)]
예측 개수: 10


[314회차]
당첨번호: [15, 17, 19, 34, 38, 41], 보너스: 2
출현빈도 정렬: [37, 3, 40, 4, 18, 36, 19, 1, 2, 17, 27, 45, 5, 7, 20, 34, 39, 42, 14, 25, 31, 33, 11, 35, 24, 26, 6, 21, 8, 10, 12, 13, 15, 30, 43, 41, 44, 32, 16, 23, 38, 29, 28, 9, 22]
사용한 3개 순위 패턴 10개: [(46, 46, 46), (4, 46, 46), (3, 46, 46), (17, 46, 46), (8, 46, 46), (15, 17, 31), (1, 14, 19), (10, 31, 38), (12, 17, 46), (1, 5, 46)]
예측 개수: 10


[315회차]
당첨번호: [1, 13, 33, 35, 43, 45], 보너스: 23
출현빈도 정렬: [37, 3, 40, 4, 18, 19, 36, 1, 17, 2, 27, 34, 45, 5, 7, 20, 39, 42, 14, 25, 31, 33, 11, 35, 24, 26, 6, 15, 21, 8, 10, 12, 13, 30, 41, 43, 44, 32, 38, 16, 23, 29, 28, 9, 22]
사용한 3개 순위 패턴 10개: [(46, 46, 46), (4, 46, 46), (3, 46, 46), (17, 46, 46), (8, 46, 46), (15, 17, 31), (1, 14, 19), (10, 31, 38), (12, 17, 46), (1, 5, 46)]
예측 개수: 10


[316회차]
당첨번호: [10, 11, 21, 27, 31, 39], 보너스: 43
출현빈도 정렬: [37, 3, 40, 4, 18, 19, 36, 1, 17, 45, 2, 27, 34, 5, 7, 20, 33, 39, 42, 14, 25, 31, 35, 11, 24, 26, 6, 13, 15, 21, 43, 8, 10, 12, 30, 41, 44, 32, 38, 16, 23, 29, 28, 9, 22]
사용한 3개 순위 패턴 10개: [(46, 46, 46), (4, 46, 46), (3, 46, 46), (17, 46, 46), (8, 46, 46), (15, 17, 31), (1, 14, 19), (10, 31, 38), (12, 17, 46), (1, 5, 46)]
예측 개수: 10


[317회차]
당첨번호: [3, 10, 11, 22, 36, 39], 보너스: 8
출현빈도 정렬: [37, 3, 40, 4, 18, 19, 36, 1, 17, 27, 45, 2, 34, 39, 5, 7, 20, 31, 33, 42, 11, 14, 25, 35, 21, 24, 26, 6, 10, 13, 15, 43, 8, 12, 30, 41, 44, 32, 38, 16, 23, 29, 28, 9, 22]
사용한 3개 순위 패턴 10개: [(46, 46, 46), (4, 46, 46), (3, 46, 46), (17, 46, 46), (8, 46, 46), (13, 22, 36), (15, 17, 31), (1, 14, 19), (24, 33, 36), (10, 31, 38)]
예측 개수: 10


[318회차]
당첨번호: [2, 17, 19, 20, 34, 45], 보너스: 21
출현빈도 정렬: [37, 3, 36, 40, 4, 18, 19, 1, 17, 27, 39, 45, 2, 34, 5, 7, 11, 20, 31, 33, 42, 14, 25, 35, 10, 21, 24, 26, 6, 13, 15, 43, 8, 12, 30, 41, 44, 32, 38, 16, 23, 29, 28, 9, 22]
사용한 3개 순위 패턴 10개: [(46, 46, 46), (4, 46, 46), (3, 46, 46), (17, 46, 46), (8, 46, 46), (13, 22, 36), (15, 17, 31), (1, 14, 19), (24, 33, 36), (10, 31, 38)]
예측 개수: 10


[319회차]
당첨번호: [5, 8, 22, 28, 33, 42], 보너스: 37
출현빈도 정렬: [37, 3, 19, 36, 40, 4, 18, 1, 17, 45, 2, 27, 34, 39, 20, 5, 7, 11, 31, 33, 42, 14, 25, 35, 10, 21, 24, 26, 6, 13, 15, 43, 8, 12, 30, 41, 44, 32, 38, 16, 23, 29, 28, 9, 22]
사용한 3개 순위 패턴 10개: [(46, 46, 46), (4, 46, 46), (3, 46, 46), (17, 46, 46), (8, 46, 46), (13, 22, 36), (15, 17, 31), (1, 14, 19), (24, 33, 36), (10, 31, 38)]
예측 개수: 10


[320회차]
당첨번호: [16, 19, 23, 25, 41, 45], 보너스: 3
출현빈도 정렬: [37, 3, 19, 36, 40, 4, 18, 1, 17, 45, 2, 27, 34, 39, 5, 20, 33, 42, 7, 11, 31, 14, 25, 35, 10, 21, 24, 26, 6, 8, 13, 15, 43, 12, 30, 41, 44, 32, 38, 16, 23, 28, 29, 9, 22]
사용한 3개 순위 패턴 10개: [(46, 46, 46), (4, 46, 46), (3, 46, 46), (17, 46, 46), (8, 46, 46), (13, 22, 36), (15, 17, 31), (1, 14, 19), (24, 33, 36), (10, 31, 38)]
예측 개수: 10


[321회차]
당첨번호: [12, 18, 20, 21, 25, 34], 보너스: 42
출현빈도 정렬: [37, 3, 19, 36, 40, 4, 18, 45, 1, 17, 2, 27, 34, 39, 5, 20, 33, 42, 7, 11, 25, 31, 14, 35, 10, 21, 24, 26, 6, 8, 13, 15, 41, 43, 12, 30, 44, 16, 23, 32, 38, 28, 29, 9, 22]
사용한 3개 순위 패턴 10개: [(46, 46, 46), (4, 46, 46), (3, 46, 46), (17, 46, 46), (8, 46, 46), (13, 22, 36), (15, 17, 31), (1, 14, 19), (24, 33, 36), (10, 31, 38)]
예측 개수: 10


[322회차]
당첨번호: [9, 18, 29, 32, 38, 43], 보너스: 20
출현빈도 정렬: [37, 3, 19, 18, 36, 40, 4, 45, 1, 17, 34, 2, 20, 27, 39, 5, 25, 33, 42, 7, 11, 31, 14, 35, 21, 10, 24, 26, 6, 8, 12, 13, 15, 41, 43, 30, 44, 16, 23, 32, 38, 28, 29, 9, 22]
사용한 3개 순위 패턴 10개: [(46, 46, 46), (4, 46, 46), (3, 46, 46), (17, 46, 46), (8, 46, 46), (13, 22, 36), (15, 17, 31), (1, 14, 19), (24, 33, 36), (10, 31, 38)]
예측 개수: 10


[323회차]
당첨번호: [10, 14, 15, 32, 36, 42], 보너스: 3
출현빈도 정렬: [37, 3, 18, 19, 36, 40, 4, 45, 1, 17, 34, 2, 20, 27, 39, 5, 25, 33, 42, 7, 11, 31, 14, 35, 21, 10, 24, 26, 43, 6, 8, 12, 13, 15, 41, 30, 32, 38, 44, 16, 23, 29, 28, 9, 22]
사용한 3개 순위 패턴 10개: [(46, 46, 46), (4, 46, 46), (3, 46, 46), (17, 46, 46), (8, 46, 46), (13, 22, 36), (15, 17, 31), (1, 14, 19), (24, 33, 36), (10, 31, 38)]
예측 개수: 10


[324회차]
당첨번호: [2, 4, 21, 25, 33, 36], 보너스: 17
출현빈도 정렬: [37, 3, 18, 19, 36, 40, 4, 45, 1, 17, 34, 2, 20, 27, 39, 42, 5, 25, 33, 7, 11, 14, 31, 35, 10, 21, 15, 24, 26, 43, 6, 8, 12, 13, 41, 30, 32, 38, 44, 16, 23, 29, 28, 9, 22]
사용한 3개 순위 패턴 10개: [(46, 46, 46), (4, 46, 46), (3, 46, 46), (17, 46, 46), (8, 46, 46), (13, 22, 36), (15, 17, 31), (1, 14, 19), (24, 33, 36), (10, 31, 38)]
예측 개수: 10


[325회차]
당첨번호: [7, 17, 20, 32, 44, 45], 보너스: 33
출현빈도 정렬: [37, 3, 36, 18, 19, 4, 40, 45, 1, 2, 17, 34, 20, 25, 27, 33, 39, 42, 5, 7, 11, 14, 31, 21, 35, 10, 15, 24, 26, 43, 6, 8, 12, 13, 41, 30, 32, 38, 44, 16, 23, 29, 28, 9, 22]
사용한 3개 순위 패턴 10개: [(46, 46, 46), (4, 46, 46), (3, 46, 46), (17, 46, 46), (8, 46, 46), (13, 22, 36), (15, 17, 31), (1, 14, 19), (24, 33, 36), (10, 31, 38)]
예측 개수: 10


[326회차]
당첨번호: [16, 23, 25, 33, 36, 39], 보너스: 40
출현빈도 정렬: [37, 3, 36, 18, 19, 4, 40, 45, 17, 1, 2, 20, 34, 25, 27, 33, 39, 42, 5, 7, 11, 14, 31, 21, 35, 10, 15, 24, 26, 43, 6, 8, 12, 13, 32, 41, 30, 44, 38, 16, 23, 29, 28, 9, 22]
사용한 3개 순위 패턴 10개: [(46, 46, 46), (4, 46, 46), (3, 46, 46), (17, 46, 46), (8, 46, 46), (13, 22, 36), (15, 17, 31), (1, 14, 19), (24, 33, 36), (10, 31, 38)]
예측 개수: 10


[327회차]
당첨번호: [6, 12, 13, 17, 32, 44], 보너스: 24
출현빈도 정렬: [37, 36, 3, 18, 19, 4, 40, 45, 17, 1, 2, 20, 25, 33, 34, 39, 27, 42, 5, 7, 11, 14, 31, 21, 35, 10, 15, 24, 26, 43, 6, 8, 12, 13, 32, 41, 30, 44, 16, 23, 38, 29, 28, 9, 22]
사용한 3개 순위 패턴 10개: [(46, 46, 46), (4, 46, 46), (3, 46, 46), (17, 46, 46), (8, 46, 46), (13, 22, 36), (15, 17, 31), (1, 14, 19), (24, 33, 36), (10, 31, 38)]
예측 개수: 10


[328회차]
당첨번호: [1, 6, 9, 16, 17, 28], 보너스: 24
출현빈도 정렬: [37, 36, 3, 18, 19, 4, 17, 40, 45, 1, 2, 20, 25, 33, 34, 39, 27, 42, 5, 7, 11, 14, 31, 21, 35, 10, 6, 12, 13, 15, 24, 26, 32, 43, 8, 41, 44, 30, 16, 23, 38, 29, 28, 9, 22]
사용한 3개 순위 패턴 10개: [(46, 46, 46), (4, 46, 46), (3, 46, 46), (17, 46, 46), (8, 46, 46), (13, 22, 36), (15, 17, 31), (1, 14, 19), (24, 33, 36), (10, 31, 38)]
예측 개수: 10


[329회차]
당첨번호: [9, 17, 19, 30, 35, 42], 보너스: 4
출현빈도 정렬: [37, 36, 3, 17, 18, 19, 4, 40, 45, 1, 2, 20, 25, 33, 34, 39, 27, 42, 5, 7, 11, 14, 31, 21, 35, 6, 10, 12, 13, 15, 24, 26, 32, 43, 8, 41, 44, 16, 30, 23, 38, 28, 29, 9, 22]
사용한 3개 순위 패턴 10개: [(46, 46, 46), (4, 46, 46), (3, 46, 46), (17, 46, 46), (8, 46, 46), (13, 22, 36), (15, 17, 31), (1, 14, 19), (24, 33, 36), (10, 31, 38)]
예측 개수: 10


[330회차]
당첨번호: [3, 4, 16, 17, 19, 20], 보너스: 23
출현빈도 정렬: [37, 36, 3, 17, 19, 18, 4, 40, 45, 1, 2, 20, 25, 33, 34, 39, 42, 27, 5, 7, 11, 14, 31, 35, 21, 6, 10, 12, 13, 15, 24, 26, 32, 43, 8, 30, 41, 44, 16, 23, 38, 9, 28, 29, 22]
사용한 3개 순위 패턴 10개: [(46, 46, 46), (4, 46, 46), (3, 46, 46), (17, 46, 46), (8, 46, 46), (13, 22, 36), (15, 17, 31), (1, 14, 19), (24, 33, 36), (10, 31, 38)]
예측 개수: 10


[331회차]
당첨번호: [4, 9, 14, 26, 31, 44], 보너스: 39
출현빈도 정렬: [37, 3, 17, 19, 36, 4, 18, 40, 45, 1, 20, 2, 25, 33, 34, 39, 42, 27, 5, 7, 11, 14, 31, 35, 21, 6, 10, 12, 13, 15, 24, 26, 32, 43, 8, 16, 30, 41, 44, 23, 38, 9, 28, 29, 22]
사용한 3개 순위 패턴 10개: [(46, 46, 46), (4, 46, 46), (3, 46, 46), (17, 46, 46), (8, 46, 46), (13, 22, 36), (15, 17, 31), (1, 14, 19), (24, 33, 36), (10, 31, 38)]
예측 개수: 10


[332회차]
당첨번호: [16, 17, 34, 36, 42, 45], 보너스: 3
출현빈도 정렬: [37, 3, 17, 19, 36, 4, 18, 40, 45, 1, 20, 2, 25, 33, 34, 39, 42, 27, 5, 7, 14, 31, 11, 35, 21, 6, 10, 26, 12, 13, 15, 24, 32, 43, 44, 8, 16, 30, 41, 23, 38, 9, 28, 29, 22]
사용한 3개 순위 패턴 10개: [(46, 46, 46), (4, 46, 46), (3, 46, 46), (17, 46, 46), (8, 46, 46), (13, 22, 36), (15, 17, 31), (1, 14, 19), (24, 33, 36), (10, 31, 38)]
예측 개수: 10


[333회차]
당첨번호: [5, 14, 27, 30, 39, 43], 보너스: 35
출현빈도 정렬: [37, 17, 36, 3, 19, 4, 18, 45, 40, 1, 20, 34, 42, 2, 25, 33, 39, 27, 5, 7, 14, 31, 11, 35, 21, 6, 10, 26, 12, 13, 15, 16, 24, 32, 43, 44, 8, 30, 41, 23, 38, 9, 28, 29, 22]
사용한 3개 순위 패턴 10개: [(46, 46, 46), (4, 46, 46), (3, 46, 46), (17, 46, 46), (8, 46, 46), (13, 22, 36), (15, 17, 31), (1, 14, 19), (24, 33, 36), (10, 31, 38)]
예측 개수: 10


[334회차]
당첨번호: [13, 15, 21, 29, 39, 43], 보너스: 33
출현빈도 정렬: [37, 17, 36, 3, 19, 4, 18, 45, 40, 1, 20, 34, 39, 42, 2, 25, 27, 33, 5, 14, 7, 31, 11, 35, 21, 6, 10, 26, 43, 12, 13, 15, 16, 24, 30, 32, 44, 8, 41, 23, 38, 9, 28, 29, 22]
사용한 3개 순위 패턴 10개: [(46, 46, 46), (4, 46, 46), (3, 46, 46), (17, 46, 46), (8, 46, 46), (13, 22, 36), (15, 17, 31), (1, 14, 19), (24, 33, 36), (3, 9, 17)]
예측 개수: 10


[335회차]
당첨번호: [5, 9, 16, 23, 26, 45], 보너스: 21
출현빈도 정렬: [37, 17, 36, 3, 19, 4, 18, 45, 39, 40, 1, 20, 34, 42, 2, 25, 27, 33, 5, 14, 7, 31, 11, 21, 35, 43, 6, 10, 13, 15, 26, 12, 16, 24, 30, 32, 44, 8, 41, 23, 38, 9, 29, 28, 22]
사용한 3개 순위 패턴 10개: [(46, 46, 46), (4, 46, 46), (3, 46, 46), (17, 46, 46), (8, 46, 46), (13, 22, 36), (15, 17, 31), (1, 14, 19), (24, 33, 36), (3, 9, 17)]
예측 개수: 10


[336회차]
당첨번호: [3, 5, 20, 34, 35, 44], 보너스: 16
출현빈도 정렬: [37, 17, 36, 3, 19, 4, 45, 18, 39, 40, 1, 20, 34, 42, 2, 5, 25, 27, 33, 14, 7, 31, 11, 21, 35, 26, 43, 6, 10, 13, 15, 16, 12, 24, 30, 32, 44, 8, 41, 23, 9, 38, 29, 28, 22]
사용한 3개 순위 패턴 10개: [(46, 46, 46), (4, 46, 46), (3, 46, 46), (17, 46, 46), (8, 46, 46), (13, 22, 36), (15, 17, 31), (1, 14, 19), (24, 33, 36), (3, 9, 17)]
예측 개수: 10


[337회차]
당첨번호: [1, 5, 14, 18, 32, 37], 보너스: 4
출현빈도 정렬: [37, 3, 17, 36, 19, 4, 45, 18, 20, 34, 39, 40, 1, 5, 42, 2, 25, 27, 33, 14, 7, 31, 35, 11, 21, 26, 43, 6, 10, 13, 15, 16, 44, 12, 24, 30, 32, 8, 41, 23, 9, 38, 29, 28, 22]
사용한 3개 순위 패턴 10개: [(46, 46, 46), (4, 46, 46), (3, 46, 46), (17, 46, 46), (8, 46, 46), (13, 22, 36), (15, 17, 31), (1, 14, 19), (24, 33, 36), (3, 9, 17)]
예측 개수: 10


[338회차]
당첨번호: [2, 13, 34, 38, 42, 45], 보너스: 16
출현빈도 정렬: [37, 3, 17, 36, 19, 4, 18, 45, 1, 5, 20, 34, 39, 40, 42, 2, 14, 25, 27, 33, 7, 31, 35, 11, 21, 26, 43, 6, 10, 13, 15, 16, 32, 44, 12, 24, 30, 8, 41, 23, 9, 38, 29, 28, 22]
사용한 3개 순위 패턴 10개: [(46, 46, 46), (4, 46, 46), (3, 46, 46), (17, 46, 46), (8, 46, 46), (13, 22, 36), (15, 17, 31), (1, 14, 19), (24, 33, 36), (3, 9, 17)]
예측 개수: 10


[339회차]
당첨번호: [6, 8, 14, 21, 30, 37], 보너스: 45
출현빈도 정렬: [37, 3, 17, 36, 19, 45, 4, 18, 34, 1, 5, 20, 39, 40, 42, 2, 14, 25, 27, 33, 7, 31, 35, 11, 21, 13, 26, 43, 6, 10, 15, 16, 32, 44, 12, 24, 30, 8, 41, 23, 38, 9, 29, 28, 22]
사용한 3개 순위 패턴 10개: [(46, 46, 46), (4, 46, 46), (3, 46, 46), (17, 46, 46), (8, 46, 46), (13, 22, 36), (15, 17, 31), (1, 14, 19), (13, 20, 37), (24, 33, 36)]
예측 개수: 10


[340회차]
당첨번호: [18, 24, 26, 29, 34, 38], 보너스: 32
출현빈도 정렬: [37, 3, 17, 36, 19, 45, 4, 18, 34, 1, 5, 20, 39, 40, 42, 2, 14, 25, 27, 33, 7, 21, 31, 35, 11, 6, 13, 26, 43, 10, 15, 16, 30, 32, 44, 8, 12, 24, 41, 23, 38, 9, 29, 28, 22]
사용한 3개 순위 패턴 10개: [(46, 46, 46), (4, 46, 46), (3, 46, 46), (17, 46, 46), (8, 46, 46), (13, 22, 36), (15, 17, 31), (1, 14, 19), (13, 20, 37), (24, 33, 36)]
예측 개수: 10


[341회차]
당첨번호: [1, 8, 19, 34, 39, 43], 보너스: 41
출현빈도 정렬: [37, 3, 17, 36, 18, 19, 45, 4, 34, 1, 5, 20, 39, 40, 42, 2, 14, 25, 27, 33, 7, 21, 31, 35, 11, 26, 6, 13, 43, 10, 15, 16, 24, 30, 32, 44, 8, 12, 38, 41, 23, 9, 29, 28, 22]
사용한 3개 순위 패턴 10개: [(46, 46, 46), (4, 46, 46), (3, 46, 46), (17, 46, 46), (8, 46, 46), (13, 22, 36), (15, 17, 31), (1, 14, 19), (13, 20, 37), (24, 33, 36)]
예측 개수: 10


[342회차]
당첨번호: [1, 13, 14, 33, 34, 43], 보너스: 25
출현빈도 정렬: [37, 3, 17, 19, 36, 18, 34, 45, 4, 1, 39, 5, 20, 40, 42, 2, 14, 25, 27, 33, 7, 21, 31, 35, 11, 26, 43, 6, 13, 8, 10, 15, 16, 24, 30, 32, 44, 12, 38, 41, 23, 9, 29, 28, 22]
사용한 3개 순위 패턴 10개: [(46, 46, 46), (4, 46, 46), (3, 46, 46), (17, 46, 46), (8, 46, 46), (13, 22, 36), (15, 17, 31), (1, 14, 19), (13, 20, 37), (24, 33, 36)]
예측 개수: 10


[343회차]
당첨번호: [1, 10, 17, 29, 31, 43], 보너스: 15
출현빈도 정렬: [37, 3, 17, 19, 34, 36, 18, 45, 1, 4, 39, 5, 14, 20, 40, 42, 2, 33, 25, 27, 7, 21, 31, 35, 43, 11, 13, 26, 6, 8, 10, 15, 16, 24, 30, 32, 44, 12, 38, 41, 23, 9, 29, 28, 22]
사용한 3개 순위 패턴 10개: [(46, 46, 46), (4, 46, 46), (3, 46, 46), (17, 46, 46), (8, 46, 46), (13, 22, 36), (15, 17, 31), (1, 14, 19), (13, 20, 37), (24, 33, 36)]
예측 개수: 10


[344회차]
당첨번호: [1, 2, 15, 28, 34, 45], 보너스: 38
출현빈도 정렬: [37, 17, 3, 19, 34, 36, 1, 18, 45, 4, 39, 5, 14, 20, 40, 42, 2, 33, 25, 27, 31, 43, 7, 21, 35, 11, 13, 26, 6, 10, 8, 15, 16, 24, 30, 32, 44, 12, 38, 41, 23, 29, 9, 28, 22]
사용한 3개 순위 패턴 10개: [(46, 46, 46), (4, 46, 46), (3, 46, 46), (17, 46, 46), (8, 46, 46), (13, 22, 36), (15, 17, 31), (1, 14, 19), (13, 20, 37), (24, 33, 36)]
예측 개수: 10


[345회차]
당첨번호: [15, 20, 23, 29, 39, 42], 보너스: 2
출현빈도 정렬: [37, 17, 34, 1, 3, 19, 36, 45, 18, 4, 39, 2, 5, 14, 20, 40, 42, 33, 25, 27, 31, 43, 7, 21, 35, 11, 13, 26, 6, 10, 15, 8, 16, 24, 30, 32, 44, 12, 38, 41, 23, 29, 9, 28, 22]
사용한 3개 순위 패턴 10개: [(46, 46, 46), (4, 46, 46), (3, 46, 46), (17, 46, 46), (8, 46, 46), (13, 22, 36), (15, 17, 31), (1, 14, 19), (13, 20, 37), (24, 33, 36)]
예측 개수: 10


[346회차]
당첨번호: [5, 13, 14, 22, 44, 45], 보너스: 33
출현빈도 정렬: [37, 17, 34, 1, 3, 19, 36, 45, 18, 4, 39, 20, 42, 2, 5, 14, 40, 33, 25, 27, 31, 43, 7, 21, 35, 11, 13, 15, 26, 6, 10, 8, 16, 24, 30, 32, 44, 12, 23, 29, 38, 41, 9, 28, 22]
사용한 3개 순위 패턴 10개: [(46, 46, 46), (4, 46, 46), (3, 46, 46), (17, 46, 46), (5, 9, 17), (8, 46, 46), (13, 22, 36), (15, 17, 31), (1, 14, 19), (13, 20, 37)]
예측 개수: 10


[347회차]
당첨번호: [3, 8, 13, 27, 32, 42], 보너스: 10
출현빈도 정렬: [37, 17, 34, 45, 1, 3, 19, 36, 18, 4, 39, 5, 14, 20, 42, 2, 40, 33, 25, 27, 31, 43, 7, 13, 21, 35, 11, 15, 26, 6, 10, 44, 8, 16, 24, 30, 32, 12, 23, 29, 38, 41, 9, 28, 22]
사용한 3개 순위 패턴 10개: [(46, 46, 46), (4, 46, 46), (3, 46, 46), (15, 17, 31), (17, 46, 46), (5, 9, 17), (8, 46, 46), (13, 22, 36), (1, 14, 19), (13, 20, 37)]
예측 개수: 10


[348회차]
당첨번호: [3, 14, 17, 20, 24, 31], 보너스: 34
출현빈도 정렬: [37, 3, 17, 34, 45, 1, 19, 36, 18, 4, 39, 42, 5, 14, 20, 2, 40, 27, 33, 25, 13, 31, 43, 7, 21, 35, 11, 15, 26, 6, 8, 10, 32, 44, 16, 24, 30, 12, 23, 29, 38, 41, 9, 28, 22]
사용한 3개 순위 패턴 10개: [(46, 46, 46), (4, 46, 46), (3, 46, 46), (15, 17, 31), (17, 46, 46), (5, 9, 17), (8, 46, 46), (13, 22, 36), (1, 14, 19), (13, 20, 37)]
예측 개수: 10


[349회차]
당첨번호: [5, 13, 14, 20, 24, 25], 보너스: 36
출현빈도 정렬: [37, 3, 17, 34, 45, 1, 19, 36, 18, 4, 14, 20, 39, 42, 5, 2, 40, 27, 33, 25, 31, 13, 43, 7, 21, 35, 11, 15, 26, 6, 8, 10, 24, 32, 44, 16, 30, 12, 23, 29, 38, 41, 9, 28, 22]
사용한 3개 순위 패턴 10개: [(46, 46, 46), (4, 46, 46), (3, 46, 46), (15, 17, 31), (17, 46, 46), (5, 9, 17), (8, 46, 46), (13, 22, 36), (6, 24, 33), (1, 14, 19)]
예측 개수: 10


[350회차]
당첨번호: [1, 8, 18, 24, 29, 33], 보너스: 35
출현빈도 정렬: [37, 3, 17, 34, 45, 1, 19, 36, 14, 18, 20, 4, 5, 39, 42, 2, 40, 25, 27, 33, 13, 31, 43, 7, 21, 35, 11, 15, 24, 26, 6, 8, 10, 32, 44, 16, 30, 12, 23, 29, 38, 41, 9, 28, 22]
사용한 3개 순위 패턴 10개: [(46, 46, 46), (4, 46, 46), (3, 46, 46), (15, 17, 31), (17, 46, 46), (5, 9, 17), (8, 46, 46), (13, 22, 36), (6, 24, 33), (1, 14, 19)]
예측 개수: 10


[351회차]
당첨번호: [5, 25, 27, 29, 34, 36], 보너스: 33
출현빈도 정렬: [37, 3, 17, 1, 34, 45, 18, 19, 36, 14, 20, 4, 5, 39, 42, 2, 33, 40, 25, 27, 13, 31, 43, 7, 21, 24, 35, 8, 11, 15, 26, 6, 10, 32, 44, 16, 30, 12, 29, 23, 38, 41, 9, 28, 22]
사용한 3개 순위 패턴 10개: [(46, 46, 46), (4, 46, 46), (3, 46, 46), (15, 17, 31), (17, 46, 46), (5, 9, 17), (8, 46, 46), (13, 22, 36), (6, 24, 33), (1, 14, 19)]
예측 개수: 10


[352회차]
당첨번호: [5, 16, 17, 20, 26, 41], 보너스: 24
출현빈도 정렬: [37, 3, 17, 34, 1, 36, 45, 18, 19, 5, 14, 20, 4, 39, 42, 2, 25, 27, 33, 40, 13, 31, 43, 7, 21, 24, 35, 8, 11, 15, 26, 6, 10, 32, 44, 16, 29, 30, 12, 23, 38, 41, 9, 28, 22]
사용한 3개 순위 패턴 10개: [(46, 46, 46), (4, 46, 46), (3, 46, 46), (15, 17, 31), (17, 46, 46), (5, 9, 17), (8, 46, 46), (13, 22, 36), (6, 24, 33), (1, 14, 19)]
예측 개수: 10


[353회차]
당첨번호: [11, 16, 19, 22, 29, 36], 보너스: 26
출현빈도 정렬: [37, 17, 3, 34, 1, 36, 45, 5, 18, 19, 20, 14, 4, 39, 42, 2, 25, 27, 33, 40, 13, 31, 43, 7, 21, 24, 26, 35, 8, 11, 15, 6, 10, 16, 32, 44, 29, 30, 12, 41, 23, 38, 9, 28, 22]
사용한 3개 순위 패턴 10개: [(46, 46, 46), (4, 46, 46), (3, 46, 46), (15, 17, 31), (17, 46, 46), (5, 9, 17), (8, 46, 46), (13, 22, 36), (6, 24, 33), (1, 14, 19)]
예측 개수: 10


[354회차]
당첨번호: [14, 19, 36, 43, 44, 45], 보너스: 1
출현빈도 정렬: [37, 17, 3, 34, 36, 1, 19, 45, 5, 18, 20, 14, 4, 39, 42, 2, 25, 27, 33, 40, 13, 31, 43, 7, 11, 21, 24, 26, 35, 8, 15, 16, 6, 10, 29, 32, 44, 30, 12, 41, 23, 38, 9, 28, 22]
사용한 3개 순위 패턴 10개: [(46, 46, 46), (4, 46, 46), (3, 46, 46), (15, 17, 31), (17, 46, 46), (5, 9, 17), (8, 46, 46), (13, 22, 36), (6, 24, 33), (1, 14, 19)]
예측 개수: 10


[355회차]
당첨번호: [5, 8, 29, 30, 35, 44], 보너스: 38
출현빈도 정렬: [37, 17, 36, 3, 19, 34, 45, 1, 5, 14, 18, 20, 4, 39, 42, 2, 25, 27, 33, 40, 13, 31, 43, 7, 11, 21, 24, 26, 35, 8, 15, 16, 44, 6, 10, 29, 32, 30, 12, 41, 23, 38, 9, 28, 22]
사용한 3개 순위 패턴 10개: [(46, 46, 46), (4, 46, 46), (3, 46, 46), (15, 17, 31), (17, 46, 46), (5, 9, 17), (8, 46, 46), (13, 22, 36), (6, 24, 33), (1, 14, 19)]
예측 개수: 10


[356회차]
당첨번호: [2, 8, 14, 25, 29, 45], 보너스: 24
출현빈도 정렬: [37, 17, 36, 3, 19, 34, 45, 1, 5, 14, 18, 20, 4, 39, 42, 2, 25, 27, 33, 40, 13, 31, 43, 35, 7, 8, 11, 21, 24, 26, 44, 15, 16, 29, 6, 10, 30, 32, 12, 41, 23, 38, 9, 28, 22]
사용한 3개 순위 패턴 10개: [(46, 46, 46), (4, 46, 46), (3, 46, 46), (15, 17, 31), (17, 46, 46), (5, 9, 17), (8, 46, 46), (13, 22, 36), (6, 24, 33), (1, 14, 19)]
예측 개수: 10


[357회차]
당첨번호: [10, 14, 18, 21, 36, 37], 보너스: 5
출현빈도 정렬: [37, 17, 36, 45, 3, 19, 34, 1, 5, 14, 18, 20, 4, 39, 42, 2, 25, 27, 33, 40, 13, 31, 43, 8, 35, 7, 11, 21, 24, 26, 29, 44, 15, 16, 6, 10, 30, 32, 12, 41, 23, 38, 9, 28, 22]
사용한 3개 순위 패턴 10개: [(46, 46, 46), (4, 46, 46), (3, 46, 46), (15, 17, 31), (17, 46, 46), (5, 9, 17), (8, 46, 46), (13, 22, 36), (6, 24, 33), (1, 14, 19)]
예측 개수: 10


[358회차]
당첨번호: [1, 9, 10, 12, 21, 40], 보너스: 37
출현빈도 정렬: [37, 36, 17, 45, 3, 14, 19, 34, 1, 5, 18, 20, 4, 39, 42, 2, 25, 27, 33, 40, 13, 31, 43, 8, 21, 35, 7, 11, 24, 26, 29, 44, 10, 15, 16, 6, 30, 32, 12, 41, 23, 38, 9, 28, 22]
사용한 3개 순위 패턴 10개: [(46, 46, 46), (4, 46, 46), (3, 46, 46), (15, 17, 31), (17, 46, 46), (5, 9, 17), (8, 46, 46), (13, 22, 36), (6, 24, 33), (1, 14, 19)]
예측 개수: 10


[359회차]
당첨번호: [1, 10, 19, 20, 24, 40], 보너스: 23
출현빈도 정렬: [37, 36, 17, 45, 1, 3, 14, 19, 34, 5, 18, 20, 4, 39, 42, 2, 25, 40, 27, 33, 13, 21, 31, 43, 8, 35, 7, 10, 11, 24, 26, 29, 44, 15, 16, 6, 30, 32, 12, 41, 23, 38, 9, 28, 22]
사용한 3개 순위 패턴 10개: [(46, 46, 46), (4, 46, 46), (3, 46, 46), (15, 17, 31), (17, 46, 46), (5, 9, 17), (8, 46, 46), (13, 22, 36), (6, 24, 33), (1, 14, 19)]
예측 개수: 10


[360회차]
당첨번호: [4, 16, 23, 25, 35, 40], 보너스: 27
출현빈도 정렬: [37, 36, 1, 17, 19, 45, 3, 14, 34, 5, 18, 20, 4, 39, 40, 42, 2, 25, 27, 33, 13, 21, 31, 43, 8, 10, 24, 35, 7, 11, 26, 29, 44, 15, 16, 6, 30, 32, 12, 41, 23, 38, 9, 28, 22]
사용한 3개 순위 패턴 10개: [(46, 46, 46), (4, 46, 46), (3, 46, 46), (15, 17, 31), (17, 46, 46), (5, 9, 17), (8, 46, 46), (13, 22, 36), (6, 24, 33), (1, 14, 19)]
예측 개수: 10


[361회차]
당첨번호: [5, 10, 16, 24, 27, 35], 보너스: 33
출현빈도 정렬: [37, 36, 1, 17, 19, 45, 3, 14, 34, 5, 18, 20, 4, 40, 25, 39, 42, 2, 27, 33, 13, 21, 31, 35, 43, 8, 10, 24, 7, 11, 16, 26, 29, 44, 15, 6, 30, 32, 12, 23, 41, 38, 9, 28, 22]
사용한 3개 순위 패턴 10개: [(46, 46, 46), (4, 46, 46), (3, 46, 46), (15, 17, 31), (17, 46, 46), (5, 9, 17), (8, 46, 46), (13, 22, 36), (6, 24, 33), (1, 14, 19)]
예측 개수: 10


[362회차]
당첨번호: [2, 3, 22, 27, 30, 40], 보너스: 29
출현빈도 정렬: [37, 36, 1, 17, 19, 45, 3, 5, 14, 34, 18, 20, 4, 40, 25, 39, 42, 2, 27, 33, 35, 10, 13, 21, 24, 31, 43, 8, 16, 7, 11, 26, 29, 44, 15, 6, 30, 32, 12, 23, 41, 38, 9, 28, 22]
사용한 3개 순위 패턴 10개: [(46, 46, 46), (4, 46, 46), (3, 46, 46), (15, 17, 31), (17, 46, 46), (5, 9, 17), (8, 46, 46), (13, 22, 36), (6, 24, 33), (1, 14, 19)]
예측 개수: 10


[363회차]
당첨번호: [11, 12, 14, 21, 32, 38], 보너스: 6
출현빈도 정렬: [37, 36, 1, 3, 17, 19, 45, 5, 14, 34, 18, 20, 40, 4, 2, 25, 27, 39, 42, 33, 35, 10, 13, 21, 24, 31, 43, 8, 16, 7, 11, 26, 29, 44, 15, 30, 6, 32, 12, 23, 41, 38, 9, 28, 22]
사용한 3개 순위 패턴 10개: [(46, 46, 46), (4, 46, 46), (3, 46, 46), (15, 17, 31), (17, 46, 46), (5, 9, 17), (8, 46, 46), (13, 22, 36), (6, 24, 33), (1, 14, 19)]
예측 개수: 10


[364회차]
당첨번호: [2, 5, 7, 14, 16, 40], 보너스: 4
출현빈도 정렬: [37, 36, 1, 3, 14, 17, 19, 45, 5, 34, 18, 20, 40, 4, 2, 25, 27, 39, 42, 33, 21, 35, 10, 13, 24, 31, 43, 8, 11, 16, 7, 26, 29, 44, 15, 30, 32, 6, 12, 23, 38, 41, 9, 28, 22]
사용한 3개 순위 패턴 10개: [(46, 46, 46), (4, 46, 46), (3, 46, 46), (15, 17, 31), (17, 46, 46), (5, 9, 17), (8, 46, 46), (13, 22, 36), (6, 24, 33), (1, 14, 19)]
예측 개수: 10


[365회차]
당첨번호: [5, 15, 21, 25, 26, 30], 보너스: 31
출현빈도 정렬: [37, 14, 36, 1, 3, 5, 17, 19, 45, 34, 18, 20, 40, 2, 4, 25, 27, 39, 42, 33, 21, 35, 10, 13, 16, 24, 31, 43, 7, 8, 11, 26, 29, 44, 15, 30, 32, 6, 12, 23, 38, 41, 9, 28, 22]
사용한 3개 순위 패턴 10개: [(46, 46, 46), (4, 46, 46), (3, 46, 46), (15, 17, 31), (17, 46, 46), (5, 9, 17), (8, 46, 46), (13, 22, 36), (6, 24, 33), (1, 14, 19)]
예측 개수: 10


[366회차]
당첨번호: [5, 12, 19, 26, 27, 44], 보너스: 38
출현빈도 정렬: [37, 5, 14, 36, 1, 3, 17, 19, 45, 34, 18, 20, 40, 2, 4, 25, 27, 39, 42, 21, 33, 35, 10, 13, 16, 24, 31, 43, 7, 8, 11, 26, 15, 29, 30, 44, 32, 6, 12, 23, 38, 41, 9, 28, 22]
사용한 3개 순위 패턴 10개: [(46, 46, 46), (4, 46, 46), (3, 46, 46), (15, 17, 31), (17, 46, 46), (5, 9, 17), (8, 46, 46), (13, 22, 36), (6, 24, 33), (13, 15, 31)]
예측 개수: 10


[367회차]
당첨번호: [3, 22, 25, 29, 32, 44], 보너스: 19
출현빈도 정렬: [37, 5, 14, 19, 36, 1, 3, 17, 45, 34, 18, 20, 40, 2, 4, 25, 27, 39, 42, 21, 33, 35, 10, 13, 16, 24, 26, 31, 43, 7, 8, 11, 44, 15, 29, 30, 12, 32, 6, 23, 38, 41, 9, 28, 22]
사용한 3개 순위 패턴 10개: [(46, 46, 46), (4, 46, 46), (3, 46, 46), (15, 17, 31), (17, 46, 46), (5, 9, 17), (8, 46, 46), (13, 22, 36), (6, 24, 33), (13, 15, 31)]
예측 개수: 10


[368회차]
당첨번호: [11, 21, 24, 30, 39, 45], 보너스: 26
출현빈도 정렬: [37, 5, 3, 14, 19, 36, 1, 17, 45, 34, 18, 20, 40, 25, 2, 4, 27, 39, 42, 21, 33, 35, 10, 13, 16, 24, 26, 31, 43, 44, 7, 8, 11, 29, 15, 30, 32, 12, 6, 23, 38, 41, 9, 28, 22]
사용한 3개 순위 패턴 10개: [(46, 46, 46), (4, 46, 46), (3, 46, 46), (15, 17, 31), (17, 46, 46), (5, 9, 17), (8, 46, 46), (13, 22, 36), (6, 24, 33), (13, 15, 31)]
예측 개수: 10


[369회차]
당첨번호: [17, 20, 35, 36, 41, 43], 보너스: 21
출현빈도 정렬: [37, 5, 3, 14, 19, 36, 45, 1, 17, 34, 18, 20, 40, 25, 2, 4, 27, 39, 42, 21, 33, 24, 35, 10, 11, 13, 16, 26, 31, 43, 44, 7, 8, 29, 30, 15, 32, 12, 6, 23, 38, 41, 9, 28, 22]
사용한 3개 순위 패턴 10개: [(46, 46, 46), (4, 46, 46), (3, 46, 46), (15, 17, 31), (17, 46, 46), (5, 9, 17), (8, 46, 46), (13, 22, 36), (6, 24, 33), (13, 15, 31)]
예측 개수: 10


[370회차]
당첨번호: [16, 18, 24, 42, 44, 45], 보너스: 17
출현빈도 정렬: [37, 5, 36, 3, 14, 17, 19, 45, 1, 20, 34, 18, 40, 25, 2, 4, 27, 39, 42, 21, 33, 35, 24, 43, 10, 11, 13, 16, 26, 31, 44, 7, 8, 29, 30, 15, 32, 12, 6, 41, 23, 38, 9, 28, 22]
사용한 3개 순위 패턴 10개: [(46, 46, 46), (4, 46, 46), (3, 46, 46), (15, 17, 31), (17, 46, 46), (5, 9, 17), (8, 46, 46), (13, 22, 36), (6, 24, 33), (13, 15, 31)]
예측 개수: 10


[371회차]
당첨번호: [7, 9, 15, 26, 27, 42], 보너스: 18
출현빈도 정렬: [37, 5, 36, 45, 3, 14, 17, 19, 1, 18, 20, 34, 40, 25, 2, 4, 27, 39, 42, 21, 24, 33, 35, 16, 43, 44, 10, 11, 13, 26, 31, 7, 8, 29, 30, 15, 32, 12, 6, 41, 23, 38, 9, 28, 22]
사용한 3개 순위 패턴 10개: [(46, 46, 46), (4, 46, 46), (3, 46, 46), (15, 17, 31), (17, 46, 46), (5, 9, 17), (8, 46, 46), (13, 22, 36), (6, 24, 33), (13, 15, 31)]
예측 개수: 10


[372회차]
당첨번호: [8, 11, 14, 16, 18, 21], 보너스: 13
출현빈도 정렬: [37, 5, 36, 45, 3, 14, 17, 19, 1, 18, 20, 34, 40, 25, 27, 42, 2, 4, 39, 21, 24, 33, 35, 16, 26, 43, 44, 7, 10, 11, 13, 31, 8, 15, 29, 30, 32, 12, 6, 41, 23, 38, 9, 28, 22]
사용한 3개 순위 패턴 10개: [(46, 46, 46), (4, 46, 46), (3, 46, 46), (15, 17, 31), (17, 46, 46), (5, 9, 17), (8, 46, 46), (13, 22, 36), (6, 24, 33), (13, 15, 31)]
예측 개수: 10


[373회차]
당첨번호: [15, 26, 37, 42, 43, 45], 보너스: 9
출현빈도 정렬: [37, 5, 14, 36, 45, 3, 17, 19, 1, 18, 20, 34, 40, 25, 27, 42, 2, 4, 39, 21, 16, 24, 33, 35, 11, 26, 43, 44, 7, 8, 10, 13, 31, 15, 29, 30, 32, 12, 6, 41, 23, 38, 9, 28, 22]
사용한 3개 순위 패턴 10개: [(46, 46, 46), (4, 46, 46), (3, 46, 46), (15, 17, 31), (17, 46, 46), (5, 9, 17), (8, 46, 46), (13, 22, 36), (6, 24, 33), (13, 15, 31)]
예측 개수: 10


[374회차]
당첨번호: [11, 13, 15, 17, 25, 34], 보너스: 26
출현빈도 정렬: [37, 45, 5, 14, 36, 3, 17, 19, 1, 18, 20, 34, 40, 42, 25, 27, 2, 4, 39, 21, 16, 24, 26, 33, 35, 43, 11, 44, 7, 8, 10, 13, 15, 31, 29, 30, 32, 12, 6, 41, 23, 38, 9, 28, 22]
사용한 3개 순위 패턴 10개: [(46, 46, 46), (4, 46, 46), (3, 46, 46), (6, 24, 33), (15, 17, 31), (17, 46, 46), (5, 9, 17), (8, 46, 46), (13, 22, 36), (13, 15, 31)]
예측 개수: 10


[375회차]
당첨번호: [4, 8, 19, 25, 27, 45], 보너스: 7
출현빈도 정렬: [37, 45, 5, 14, 17, 36, 3, 19, 1, 18, 34, 20, 25, 40, 42, 27, 2, 4, 39, 21, 11, 16, 24, 26, 33, 35, 43, 13, 15, 44, 7, 8, 10, 31, 29, 30, 32, 12, 6, 41, 23, 38, 9, 28, 22]
사용한 3개 순위 패턴 10개: [(46, 46, 46), (4, 46, 46), (3, 46, 46), (6, 24, 33), (15, 17, 31), (17, 46, 46), (5, 9, 17), (8, 46, 46), (13, 22, 36), (13, 15, 31)]
예측 개수: 10


[376회차]
당첨번호: [1, 11, 13, 24, 28, 40], 보너스: 7
출현빈도 정렬: [37, 45, 5, 14, 17, 19, 36, 3, 1, 18, 34, 20, 25, 27, 40, 42, 4, 2, 39, 21, 11, 16, 24, 26, 33, 35, 43, 8, 13, 15, 44, 7, 10, 31, 29, 30, 32, 12, 6, 41, 23, 38, 9, 28, 22]
사용한 3개 순위 패턴 10개: [(46, 46, 46), (4, 46, 46), (3, 46, 46), (6, 24, 33), (15, 17, 31), (17, 46, 46), (5, 9, 17), (8, 46, 46), (13, 22, 36), (13, 15, 31)]
예측 개수: 10


[377회차]
당첨번호: [6, 22, 29, 37, 43, 45], 보너스: 23
출현빈도 정렬: [37, 45, 5, 14, 17, 19, 36, 1, 3, 18, 34, 20, 25, 40, 27, 42, 4, 2, 39, 21, 11, 24, 13, 16, 26, 33, 35, 43, 8, 15, 44, 7, 10, 31, 29, 30, 32, 12, 6, 41, 23, 38, 9, 28, 22]
사용한 3개 순위 패턴 10개: [(46, 46, 46), (4, 46, 46), (3, 46, 46), (6, 24, 33), (15, 17, 31), (17, 46, 46), (5, 9, 17), (8, 46, 46), (13, 22, 36), (13, 15, 31)]
예측 개수: 10


[378회차]
당첨번호: [5, 22, 29, 31, 34, 39], 보너스: 43
출현빈도 정렬: [37, 45, 5, 14, 17, 19, 36, 1, 3, 18, 34, 20, 25, 40, 27, 42, 4, 2, 39, 21, 11, 24, 43, 13, 16, 26, 33, 35, 8, 15, 44, 7, 10, 29, 31, 30, 32, 6, 12, 41, 23, 38, 9, 28, 22]
사용한 3개 순위 패턴 10개: [(46, 46, 46), (4, 46, 46), (3, 46, 46), (6, 24, 33), (15, 17, 31), (17, 46, 46), (5, 9, 17), (8, 46, 46), (13, 22, 36), (13, 15, 31)]
예측 개수: 10


[379회차]
당첨번호: [6, 10, 22, 31, 35, 40], 보너스: 19
출현빈도 정렬: [37, 45, 5, 14, 17, 19, 36, 1, 3, 34, 18, 20, 25, 40, 27, 42, 4, 39, 2, 21, 11, 24, 43, 13, 16, 26, 33, 35, 8, 15, 29, 31, 44, 7, 10, 30, 32, 6, 12, 41, 23, 38, 9, 28, 22]
사용한 3개 순위 패턴 10개: [(46, 46, 46), (4, 46, 46), (3, 46, 46), (6, 24, 33), (15, 17, 31), (17, 46, 46), (5, 9, 17), (8, 46, 46), (13, 22, 36), (13, 15, 31)]
예측 개수: 10


[380회차]
당첨번호: [1, 2, 8, 17, 26, 37], 보너스: 27
출현빈도 정렬: [37, 45, 5, 14, 17, 19, 36, 1, 3, 34, 18, 40, 20, 25, 27, 42, 4, 39, 2, 21, 11, 24, 35, 43, 13, 16, 26, 31, 33, 8, 10, 15, 29, 44, 7, 30, 6, 32, 12, 41, 23, 38, 9, 28, 22]
사용한 3개 순위 패턴 10개: [(46, 46, 46), (4, 46, 46), (3, 46, 46), (6, 24, 33), (15, 17, 31), (17, 46, 46), (5, 9, 17), (8, 46, 46), (13, 22, 36), (13, 15, 31)]
예측 개수: 10


[381회차]
당첨번호: [1, 5, 10, 12, 16, 20], 보너스: 11
출현빈도 정렬: [37, 45, 5, 17, 1, 14, 19, 36, 3, 34, 18, 40, 20, 25, 27, 42, 2, 4, 39, 21, 11, 24, 26, 35, 43, 8, 13, 16, 31, 33, 10, 15, 29, 44, 7, 30, 6, 32, 12, 41, 23, 38, 9, 28, 22]
사용한 3개 순위 패턴 10개: [(46, 46, 46), (4, 46, 46), (3, 46, 46), (6, 24, 33), (15, 17, 31), (17, 46, 46), (5, 9, 17), (8, 46, 46), (13, 22, 36), (13, 15, 31)]
예측 개수: 10


[382회차]
당첨번호: [10, 15, 22, 24, 27, 42], 보너스: 19
출현빈도 정렬: [37, 45, 5, 1, 17, 14, 19, 36, 3, 34, 18, 20, 40, 25, 27, 42, 2, 4, 39, 21, 11, 16, 24, 26, 35, 43, 8, 10, 13, 31, 33, 15, 29, 44, 7, 30, 6, 12, 32, 41, 23, 38, 9, 28, 22]
사용한 3개 순위 패턴 10개: [(46, 46, 46), (4, 46, 46), (3, 46, 46), (6, 24, 33), (15, 17, 31), (17, 46, 46), (5, 9, 17), (8, 46, 46), (13, 22, 36), (13, 15, 31)]
예측 개수: 10


[383회차]
당첨번호: [4, 15, 28, 33, 37, 40], 보너스: 25
출현빈도 정렬: [37, 45, 5, 1, 17, 14, 19, 36, 3, 34, 18, 20, 40, 25, 27, 42, 2, 4, 39, 21, 24, 10, 11, 16, 26, 35, 43, 8, 13, 15, 31, 33, 29, 44, 7, 30, 6, 12, 32, 41, 23, 38, 9, 28, 22]
사용한 3개 순위 패턴 10개: [(46, 46, 46), (4, 46, 46), (3, 46, 46), (6, 24, 33), (15, 17, 31), (17, 46, 46), (5, 9, 17), (8, 46, 46), (13, 22, 36), (13, 15, 31)]
예측 개수: 10


[384회차]
당첨번호: [11, 22, 24, 32, 36, 38], 보너스: 7
출현빈도 정렬: [37, 45, 5, 1, 17, 14, 19, 36, 3, 34, 40, 18, 20, 25, 27, 42, 4, 2, 39, 21, 24, 10, 11, 15, 16, 26, 33, 35, 43, 8, 13, 31, 29, 44, 7, 30, 6, 12, 32, 41, 23, 38, 9, 28, 22]
사용한 3개 순위 패턴 10개: [(46, 46, 46), (4, 46, 46), (3, 46, 46), (6, 24, 33), (15, 17, 31), (17, 46, 46), (5, 9, 17), (8, 46, 46), (13, 22, 36), (13, 15, 31)]
예측 개수: 10


[385회차]
당첨번호: [7, 12, 19, 21, 29, 32], 보너스: 9
출현빈도 정렬: [37, 45, 5, 1, 17, 36, 14, 19, 3, 34, 40, 18, 20, 25, 27, 42, 4, 2, 39, 24, 11, 21, 10, 15, 16, 26, 33, 35, 43, 8, 13, 31, 29, 44, 7, 30, 32, 6, 12, 38, 41, 23, 9, 28, 22]
사용한 3개 순위 패턴 10개: [(46, 46, 46), (4, 46, 46), (3, 46, 46), (6, 24, 33), (15, 17, 31), (17, 46, 46), (5, 9, 17), (8, 46, 46), (13, 22, 36), (13, 15, 31)]
예측 개수: 10


[386회차]
당첨번호: [4, 7, 10, 19, 31, 40], 보너스: 26
출현빈도 정렬: [37, 45, 5, 1, 17, 19, 36, 14, 3, 34, 40, 18, 20, 25, 27, 42, 4, 2, 39, 21, 24, 11, 10, 15, 16, 26, 33, 35, 43, 8, 13, 29, 31, 7, 44, 32, 12, 30, 6, 38, 41, 23, 9, 28, 22]
사용한 3개 순위 패턴 10개: [(46, 46, 46), (4, 46, 46), (3, 46, 46), (6, 24, 33), (15, 17, 31), (17, 46, 46), (5, 9, 17), (8, 46, 46), (13, 22, 36), (13, 15, 31)]
예측 개수: 10


[387회차]
당첨번호: [1, 26, 31, 34, 40, 43], 보너스: 20
출현빈도 정렬: [37, 45, 5, 19, 1, 17, 36, 14, 40, 3, 34, 18, 20, 4, 25, 27, 42, 2, 39, 21, 24, 10, 11, 15, 16, 26, 31, 33, 35, 43, 7, 8, 13, 29, 44, 32, 12, 30, 6, 38, 41, 23, 9, 28, 22]
사용한 3개 순위 패턴 10개: [(46, 46, 46), (4, 46, 46), (3, 46, 46), (6, 24, 33), (15, 17, 31), (17, 46, 46), (5, 9, 17), (8, 46, 46), (13, 22, 36), (13, 15, 31)]
예측 개수: 10


[388회차]
당첨번호: [1, 8, 9, 17, 29, 32], 보너스: 45
출현빈도 정렬: [37, 45, 1, 5, 19, 17, 36, 40, 14, 34, 3, 18, 20, 4, 25, 27, 42, 2, 39, 21, 24, 10, 11, 26, 31, 43, 15, 16, 33, 35, 7, 8, 13, 29, 44, 32, 12, 30, 6, 38, 41, 23, 9, 28, 22]
사용한 3개 순위 패턴 10개: [(46, 46, 46), (4, 46, 46), (3, 46, 46), (6, 24, 33), (15, 17, 31), (17, 46, 46), (5, 9, 17), (8, 46, 46), (13, 22, 36), (13, 15, 31)]
예측 개수: 10


[389회차]
당첨번호: [7, 16, 18, 20, 23, 26], 보너스: 3
출현빈도 정렬: [37, 1, 45, 5, 17, 19, 36, 40, 14, 34, 3, 18, 20, 4, 25, 27, 42, 2, 39, 21, 24, 10, 11, 26, 31, 43, 8, 15, 16, 29, 33, 35, 7, 13, 32, 44, 12, 30, 6, 38, 41, 9, 23, 28, 22]
사용한 3개 순위 패턴 10개: [(46, 46, 46), (4, 46, 46), (3, 46, 46), (6, 24, 33), (15, 17, 31), (17, 46, 46), (5, 9, 17), (8, 46, 46), (13, 22, 36), (5, 26, 27)]
예측 개수: 10


[390회차]
당첨번호: [16, 17, 28, 37, 39, 40], 보너스: 15
출현빈도 정렬: [37, 1, 45, 5, 17, 19, 36, 40, 14, 34, 3, 18, 20, 4, 25, 27, 42, 2, 39, 21, 24, 26, 10, 11, 16, 31, 43, 7, 8, 15, 29, 33, 35, 13, 32, 44, 12, 30, 6, 23, 38, 41, 9, 28, 22]
사용한 3개 순위 패턴 10개: [(46, 46, 46), (4, 46, 46), (3, 46, 46), (6, 24, 33), (15, 17, 31), (17, 46, 46), (5, 9, 17), (8, 46, 46), (13, 22, 36), (5, 26, 27)]
예측 개수: 10


[391회차]
당첨번호: [10, 11, 18, 22, 28, 39], 보너스: 30
출현빈도 정렬: [37, 1, 17, 45, 5, 19, 40, 36, 14, 34, 3, 18, 20, 4, 25, 27, 42, 39, 2, 16, 21, 24, 26, 10, 11, 31, 43, 7, 8, 15, 29, 33, 35, 13, 32, 44, 12, 30, 6, 23, 38, 41, 9, 28, 22]
사용한 3개 순위 패턴 10개: [(46, 46, 46), (4, 46, 46), (3, 46, 46), (6, 24, 33), (15, 17, 31), (17, 46, 46), (5, 9, 17), (8, 46, 46), (13, 22, 36), (5, 26, 27)]
예측 개수: 10


[392회차]
당첨번호: [1, 3, 7, 8, 24, 42], 보너스: 43
출현빈도 정렬: [37, 1, 17, 45, 5, 19, 40, 36, 14, 18, 34, 3, 20, 4, 25, 27, 39, 42, 2, 10, 11, 16, 21, 24, 26, 31, 43, 7, 8, 15, 29, 33, 35, 13, 32, 44, 12, 30, 6, 23, 38, 41, 9, 28, 22]
사용한 3개 순위 패턴 10개: [(46, 46, 46), (4, 46, 46), (3, 46, 46), (6, 24, 33), (15, 17, 31), (17, 46, 46), (5, 9, 17), (8, 46, 46), (13, 22, 36), (5, 26, 27)]
예측 개수: 10


[393회차]
당첨번호: [9, 16, 28, 40, 41, 43], 보너스: 21
출현빈도 정렬: [37, 1, 17, 45, 5, 19, 40, 36, 3, 14, 18, 34, 20, 42, 4, 25, 27, 39, 2, 24, 10, 11, 16, 21, 26, 7, 8, 31, 43, 15, 29, 33, 35, 13, 32, 44, 12, 30, 6, 23, 38, 41, 9, 28, 22]
사용한 3개 순위 패턴 10개: [(46, 46, 46), (4, 46, 46), (3, 46, 46), (6, 24, 33), (15, 17, 31), (17, 46, 46), (5, 9, 17), (8, 46, 46), (13, 22, 36), (5, 26, 27)]
예측 개수: 10


[394회차]
당첨번호: [1, 13, 20, 22, 25, 28], 보너스: 15
출현빈도 정렬: [37, 1, 17, 40, 45, 5, 19, 36, 3, 14, 18, 34, 20, 42, 4, 25, 27, 39, 2, 16, 24, 10, 11, 21, 26, 43, 7, 8, 31, 15, 29, 33, 35, 13, 32, 44, 12, 30, 6, 41, 9, 23, 28, 38, 22]
사용한 3개 순위 패턴 10개: [(46, 46, 46), (4, 46, 46), (3, 46, 46), (6, 24, 33), (15, 17, 31), (17, 46, 46), (5, 9, 17), (8, 46, 46), (13, 22, 36), (5, 26, 27)]
예측 개수: 10


[395회차]
당첨번호: [11, 15, 20, 26, 31, 35], 보너스: 7
출현빈도 정렬: [37, 1, 17, 40, 45, 5, 19, 36, 3, 14, 18, 20, 34, 25, 42, 4, 27, 39, 2, 16, 24, 10, 11, 21, 26, 43, 7, 8, 31, 13, 15, 29, 33, 35, 32, 44, 12, 30, 6, 28, 41, 9, 23, 38, 22]
사용한 3개 순위 패턴 10개: [(46, 46, 46), (4, 46, 46), (3, 46, 46), (6, 24, 33), (15, 17, 31), (17, 46, 46), (5, 9, 17), (8, 46, 46), (13, 22, 36), (5, 26, 27)]
예측 개수: 10


[396회차]
당첨번호: [18, 20, 31, 34, 40, 45], 보너스: 30
출현빈도 정렬: [37, 1, 17, 40, 45, 5, 19, 20, 36, 3, 14, 18, 34, 25, 42, 4, 27, 39, 2, 11, 16, 24, 26, 10, 21, 31, 43, 7, 8, 15, 35, 13, 29, 33, 32, 44, 12, 30, 6, 28, 41, 9, 23, 38, 22]
사용한 3개 순위 패턴 10개: [(46, 46, 46), (4, 46, 46), (3, 46, 46), (6, 24, 33), (15, 17, 31), (17, 46, 46), (5, 9, 17), (8, 46, 46), (13, 22, 36), (5, 26, 27)]
예측 개수: 10


[397회차]
당첨번호: [12, 13, 17, 22, 25, 33], 보너스: 8
출현빈도 정렬: [37, 1, 40, 45, 17, 5, 19, 20, 18, 34, 36, 3, 14, 25, 42, 4, 27, 39, 2, 11, 16, 24, 26, 31, 10, 21, 43, 7, 8, 15, 35, 13, 29, 33, 32, 44, 12, 30, 6, 28, 41, 9, 23, 38, 22]
사용한 3개 순위 패턴 10개: [(46, 46, 46), (4, 46, 46), (3, 46, 46), (6, 24, 33), (15, 17, 31), (17, 46, 46), (5, 9, 17), (8, 46, 46), (13, 22, 36), (5, 26, 27)]
예측 개수: 10


[398회차]
당첨번호: [10, 15, 20, 23, 42, 44], 보너스: 7
출현빈도 정렬: [37, 1, 17, 40, 45, 5, 19, 20, 18, 34, 36, 3, 14, 25, 42, 4, 27, 39, 2, 11, 16, 24, 26, 31, 10, 21, 43, 7, 8, 13, 15, 33, 35, 29, 32, 44, 12, 30, 6, 28, 41, 9, 23, 38, 22]
사용한 3개 순위 패턴 10개: [(46, 46, 46), (4, 46, 46), (3, 46, 46), (6, 24, 33), (15, 17, 31), (17, 46, 46), (5, 9, 17), (8, 46, 46), (13, 22, 36), (5, 26, 27)]
예측 개수: 10


[399회차]
당첨번호: [1, 2, 9, 17, 19, 42], 보너스: 20
출현빈도 정렬: [37, 1, 17, 40, 45, 20, 5, 19, 18, 34, 36, 3, 14, 25, 42, 4, 27, 39, 2, 10, 11, 16, 24, 26, 31, 15, 21, 43, 7, 8, 13, 33, 35, 29, 44, 32, 12, 30, 6, 23, 28, 41, 9, 38, 22]
사용한 3개 순위 패턴 10개: [(46, 46, 46), (4, 46, 46), (3, 46, 46), (6, 24, 33), (15, 17, 31), (17, 46, 46), (5, 9, 17), (8, 46, 46), (13, 22, 36), (5, 26, 27)]
예측 개수: 10


[400회차]
당첨번호: [9, 21, 27, 34, 41, 43], 보너스: 2
출현빈도 정렬: [37, 1, 17, 40, 45, 19, 20, 5, 18, 34, 36, 3, 14, 42, 25, 4, 27, 39, 2, 10, 11, 16, 24, 26, 31, 15, 21, 43, 7, 8, 13, 33, 35, 29, 44, 32, 12, 30, 6, 9, 23, 28, 41, 38, 22]
사용한 3개 순위 패턴 10개: [(46, 46, 46), (4, 46, 46), (3, 46, 46), (6, 24, 33), (15, 17, 31), (17, 46, 46), (5, 9, 17), (8, 46, 46), (13, 22, 36), (5, 26, 27)]
예측 개수: 10
